240
1.662547E+03 5.229462E+20 1.000000E+00 1.001885E+27
1.998010E+03 5.257437E+20 1.540536E+15 1.203971E+27
2.401324E+03 5.296458E+20 3.328433E+15 1.446930E+27
2.886256E+03 5.351021E+20 5.408308E+15 1.739057E+27
3.469263E+03 5.427397E+20 7.830177E+15 2.090263E+27
4.170231E+03 5.534302E+20 1.064979E+16 2.512528E+27
5.012958E+03 5.683281E+20 1.391770E+16 3.020188E+27
6.026139E+03 5.890319E+20 1.769431E+16 3.630528E+27
7.244652E+03 6.174511E+20 2.200471E+16 4.364555E+27
8.708746E+03 6.562499E+20 2.689740E+16 5.246515E+27
1.046958E+04 7.083147E+20 3.235614E+16 6.307221E+27
1.258711E+04 7.773090E+20 3.836995E+16 7.582791E+27
1.513230E+04 8.672290E+20 4.488621E+16 9.115969E+27
1.819265E+04 9.827374E+20 5.184596E+16 1.095945E+28
2.187217E+04 1.128885E+21 5.916809E+16 1.317590E+28
2.629567E+04 1.311723E+21 6.678551E+16 1.584047E+28
3.161365E+04 1.538188E+21 7.463196E+16 1.904382E+28
3.800785E+04 1.816441E+21 8.264984E+16 2.289541E+28
4.569544E+04 2.156583E+21 9.080138E+16 2.752604E+28
5.493768E+04 2.570493E+21 9.905146E+16 3.309306E+28
6.604657E+04 3.072879E+21 1.073802E+17 3.978439E+28
7.940889E+04 3.681616E+21 1.157740E+17 4.783299E+28
9.546928E+04 4.418405E+21 1.242239E+17 5.750662E+28
1.147785E+05 5.309835E+21 1.327273E+17 6.913702E+28
1.379973E+05 6.388765E+21 1.412875E+17 8.312212E+28
1.659088E+05 7.694271E+21 1.499027E+17 9.993355E+28
1.994675E+05 9.276753E+21 1.585885E+17 1.201462E+29
2.398112E+05 1.119671E+22 1.673537E+17 1.444452E+29
2.883168E+05 1.353019E+22 1.762143E+17 1.736598E+29
3.466299E+05 1.637045E+22 1.851847E+17 2.087811E+29
4.167452E+05 1.983625E+22 1.942891E+17 2.510103E+29
5.010364E+05 2.407637E+22 2.035533E+17 3.017769E+29
6.023792E+05 2.927842E+22 2.130069E+17 3.628127E+29
7.242181E+05 3.568217E+22 2.226862E+17 4.361918E+29
8.706893E+05 4.359236E+22 2.326307E+17 5.244051E+29
1.046834E+06 5.340141E+22 2.428874E+17 6.304883E+29
1.258587E+06 6.561389E+22 2.535082E+17 7.580151E+29
1.513106E+06 8.088365E+22 2.645534E+17 9.112958E+29
1.819203E+06 1.000444E+23 2.760809E+17 1.095636E+30
2.187155E+06 1.242062E+23 2.881711E+17 1.317224E+30
2.629567E+06 1.547735E+23 3.008927E+17 1.583650E+30
3.161427E+06 1.935890E+23 3.143287E+17 1.903938E+30
3.800908E+06 2.430339E+23 3.285642E+17 2.289030E+30
4.569729E+06 3.062000E+23 3.436899E+17 2.752001E+30
5.494015E+06 3.870726E+23 3.597972E+17 3.308582E+30
6.605274E+06 4.907970E+23 3.769798E+17 3.977741E+30
7.941507E+06 6.240008E+23 3.953329E+17 4.782354E+30
9.547545E+06 7.952930E+23 4.149630E+17 5.749411E+30
1.147908E+07 1.015542E+24 4.359566E+17 6.912438E+30
1.380097E+07 1.298956E+24 4.584256E+17 8.310466E+30
1.659273E+07 1.613843E+24 4.791938E+17 9.991376E+30
1.994922E+07 2.068772E+24 5.041444E+17 1.201225E+31
2.398483E+07 2.653918E+24 5.308368E+17 1.444194E+31
2.883662E+07 3.406305E+24 5.593832E+17 1.736293E+31
3.467040E+07 4.373390E+24 5.899013E+17 2.087501E+31
4.168378E+07 5.616118E+24 6.225191E+17 2.509709E+31
5.011599E+07 7.211922E+24 6.573564E+17 3.017311E+31
6.025460E+07 9.260101E+24 6.945456E+17 3.627611E+31
7.244652E+07 1.188943E+25 7.342528E+17 4.361480E+31
8.709981E+07 1.526143E+25 7.766067E+17 5.243467E+31
1.047205E+08 1.958592E+25 8.217848E+17 6.304007E+31
1.259081E+08 2.512933E+25 8.699514E+17 7.579171E+31
1.513786E+08 3.223357E+25 9.212925E+17 9.112006E+31
1.820068E+08 4.133492E+25 9.759979E+17 1.095513E+32
2.188267E+08 5.299289E+25 1.034278E+18 1.317072E+32
2.631049E+08 6.792295E+25 1.096356E+18 1.583492E+32
3.163342E+08 8.438609E+25 1.153301E+18 1.903749E+32
3.803379E+08 1.081094E+26 1.221534E+18 2.288804E+32
4.573002E+08 1.384769E+26 1.294176E+18 2.751783E+32
5.498276E+08 1.773423E+26 1.371499E+18 3.308351E+32
6.610833E+08 2.270648E+26 1.453772E+18 3.977512E+32
7.948300E+08 2.906860E+26 1.541326E+18 4.781873E+32
9.556809E+08 3.606405E+26 1.621412E+18 5.749150E+32
1.149082E+09 4.615619E+26 1.717479E+18 6.912052E+32
1.381641E+09 5.906416E+26 1.819665E+18 8.310252E+32
1.661250E+09 7.282970E+26 1.910324E+18 9.991151E+32
1.997392E+09 9.313387E+26 2.021505E+18 1.201168E+33
2.401633E+09 1.191163E+27 2.139829E+18 1.444123E+33
2.887738E+09 1.474189E+27 2.247049E+18 1.736243E+33
3.472166E+09 1.885601E+27 2.376634E+18 2.087403E+33
4.174925E+09 2.411800E+27 2.514471E+18 2.509600E+33
5.019998E+09 3.084647E+27 2.661047E+18 3.017216E+33
6.036144E+09 3.822824E+27 2.794813E+18 3.627496E+33
7.258239E+09 4.888876E+27 2.955425E+18 4.361344E+33
8.727274E+09 6.252219E+27 3.126240E+18 5.243314E+33
1.049428E+10 7.994559E+27 3.307780E+18 6.303969E+33
1.261860E+10 9.897312E+27 3.472691E+18 7.578862E+33
1.517368E+10 1.265542E+28 3.671429E+18 9.111953E+33
1.824577E+10 1.618228E+28 3.882757E+18 1.095484E+34
2.194011E+10 2.069105E+28 4.107418E+18 1.317047E+34
2.638337E+10 2.645537E+28 4.346257E+18 1.583457E+34
3.172606E+10 3.271758E+28 4.562076E+18 1.903713E+34
3.815113E+10 4.042406E+28 4.782937E+18 2.288758E+34
4.587825E+10 4.989564E+28 5.008664E+18 2.751716E+34
5.517051E+10 6.379329E+28 5.283994E+18 3.308293E+34
6.634301E+10 8.156082E+28 5.576686E+18 3.977278E+34
7.978563E+10 1.042740E+29 5.887798E+18 4.781922E+34
9.595100E+10 1.333093E+29 6.218471E+18 5.749199E+34
1.153899E+11 1.704374E+29 6.570042E+18 6.911910E+34
1.387693E+11 1.992950E+29 6.797514E+18 8.309866E+34
1.668908E+11 2.545848E+29 7.159489E+18 9.990821E+34
2.007089E+11 3.132937E+29 7.479165E+18 1.201152E+35
2.413861E+11 4.005550E+29 7.874090E+18 1.444110E+35
2.903055E+11 4.923623E+29 8.219662E+18 1.736177E+35
3.491497E+11 6.294959E+29 8.648681E+18 2.087347E+35
4.199258E+11 7.410079E+29 8.939024E+18 2.509555E+35
5.050447E+11 8.681171E+29 9.214237E+18 3.017164E+35
6.074065E+11 9.649755E+29 9.388847E+18 3.627450E+35
7.304559E+11 1.060391E+30 9.531942E+18 4.360946E+35
8.784711E+11 1.146647E+30 9.639580E+18 5.243141E+35
1.056407E+12 1.225744E+30 9.721701E+18 6.303557E+35
1.270383E+12 1.383437E+30 9.857638E+18 7.578602E+35
1.527682E+12 1.663910E+30 1.005844E+19 9.111509E+35
1.837052E+12 1.869005E+30 1.018072E+19 1.095431E+36
2.209080E+12 2.247779E+30 1.036827E+19 1.316996E+36
2.656433E+12 2.698823E+30 1.055399E+19 1.583366E+36
3.194407E+12 3.248667E+30 1.074226E+19 1.903629E+36
3.841299E+12 3.922069E+30 1.093400E+19 2.288651E+36
4.619199E+12 4.743672E+30 1.112853E+19 2.751547E+36
5.554725E+12 6.123445E+30 1.140004E+19 3.308096E+36
6.679386E+12 7.413964E+30 1.161132E+19 3.976982E+36
8.032912E+12 8.993671E+30 1.182638E+19 4.781793E+36
9.659331E+12 1.155417E+31 1.211609E+19 5.748596E+36
1.161619E+13 1.481794E+31 1.242315E+19 6.911439E+36
1.396957E+13 1.796514E+31 1.266948E+19 8.309478E+36
1.679963E+13 2.300066E+31 1.299702E+19 9.990155E+36
2.020367E+13 2.949822E+31 1.334843E+19 1.201094E+37
2.429734E+13 3.630162E+31 1.365446E+19 1.444022E+37
2.922077E+13 4.726298E+31 1.406426E+19 1.736074E+37
3.514348E+13 6.243338E+31 1.453576E+19 2.087230E+37
4.226803E+13 8.414186E+31 1.509665E+19 2.509399E+37
5.083982E+13 1.162356E+32 1.578598E+19 3.016971E+37
6.115383E+13 1.557560E+32 1.649136E+19 3.627233E+37
7.355820E+13 2.052675E+32 1.722581E+19 4.360591E+37
8.849559E+13 3.133048E+32 1.855960E+19 5.242669E+37
1.064806E+14 4.552786E+32 2.001377E+19 6.303076E+37
1.281438E+14 7.136988E+32 2.221448E+19 7.577711E+37
1.542628E+14 1.078874E+33 2.479188E+19 9.110441E+37
1.857680E+14 1.732293E+33 2.862012E+19 1.095256E+38
2.238354E+14 2.792295E+33 3.376030E+19 1.316720E+38
2.552091E+14 4.085701E+33 3.909540E+19 1.498180E+38
2.725553E+14 4.897091E+33 4.211552E+19 1.598055E+38
2.899633E+14 5.711034E+33 4.495149E+19 1.697962E+38
3.074206E+14 6.713476E+33 4.823380E+19 1.797809E+38
3.249520E+14 7.835257E+33 5.169514E+19 1.897705E+38
3.425453E+14 9.086367E+33 5.534295E+19 1.997558E+38
3.602189E+14 1.047458E+34 5.917691E+19 2.097449E+38
3.779604E+14 1.200877E+34 6.319921E+19 2.197287E+38
3.957944E+14 1.355129E+34 6.704626E+19 2.297209E+38
4.136965E+14 1.538299E+34 7.140046E+19 2.397054E+38
4.316912E+14 1.737844E+34 7.592777E+19 2.496921E+38
4.497785E+14 1.954152E+34 8.061870E+19 2.596789E+38
4.679708E+14 2.187666E+34 8.546574E+19 2.696704E+38
4.862496E+14 2.438665E+34 9.045870E+19 2.796547E+38
5.046395E+14 2.707426E+34 9.558834E+19 2.896433E+38
5.231283E+14 2.994171E+34 1.008452E+20 2.996277E+38
5.417283E+14 3.275754E+34 1.058095E+20 3.096154E+38
5.604332E+14 3.597524E+34 1.112707E+20 3.196012E+38
5.792677E+14 3.937722E+34 1.168326E+20 3.295947E+38
5.982012E+14 4.296514E+34 1.224879E+20 3.395783E+38
6.172458E+14 4.674067E+34 1.282299E+20 3.495571E+38
6.364202E+14 5.070492E+34 1.340516E+20 3.595393E+38
6.557798E+14 5.486123E+34 1.399493E+20 3.695526E+38
6.752010E+14 5.920847E+34 1.459137E+20 3.795316E+38
6.947459E+14 6.375443E+34 1.519485E+20 3.895074E+38
7.144760E+14 6.850021E+34 1.580477E+20 3.995100E+38
7.342678E+14 7.312388E+34 1.638050E+20 4.094780E+38
7.542449E+14 7.826376E+34 1.700096E+20 4.194725E+38
7.743456E+14 8.361455E+34 1.762732E+20 4.294593E+38
7.945704E+14 8.917628E+34 1.825897E+20 4.394377E+38
8.149798E+14 9.496002E+34 1.889655E+20 4.494364E+38
8.355128E+14 1.009602E+35 1.953885E+20 4.594242E+38
8.561693E+14 1.071936E+35 2.018710E+20 4.694002E+38
8.770111E+14 1.136545E+35 2.084012E+20 4.793932E+38
8.979764E+14 1.203486E+35 2.149794E+20 4.893723E+38
9.191269E+14 1.272868E+35 2.216110E+20 4.993659E+38
9.404010E+14 1.344693E+35 2.282904E+20 5.093437E+38
9.618604E+14 1.419016E+35 2.350176E+20 5.193336E+38
9.835051E+14 1.495837E+35 2.417872E+20 5.293344E+38
1.005273E+15 1.575322E+35 2.486089E+20 5.393165E+38
1.071504E+15 1.712422E+35 2.598381E+20 5.693831E+38
1.093643E+15 1.715197E+35 2.600560E+20 5.793703E+38
1.115782E+15 1.733736E+35 2.614859E+20 5.893480E+38
1.138106E+15 1.901532E+35 2.741128E+20 5.993293E+38
1.160739E+15 2.070881E+35 2.864726E+20 6.093094E+38
1.183742E+15 2.241563E+35 2.985611E+20 6.193161E+38
1.206993E+15 2.413243E+35 3.103674E+20 6.292969E+38
1.230552E+15 2.573934E+35 3.211081E+20 6.392845E+38
1.254358E+15 2.746447E+35 3.323226E+20 6.492543E+38
1.278535E+15 2.919238E+35 3.432482E+20 6.592555E+38
1.303021E+15 3.092029E+35 3.538809E+20 6.692636E+38
1.327692E+15 3.264653E+35 3.642245E+20 6.792306E+38
1.352733E+15 3.436945E+35 3.742827E+20 6.892332E+38
1.378022E+15 3.608736E+35 3.840588E+20 6.992238E+38
1.403558E+15 3.779862E+35 3.935565E+20 7.092042E+38
1.429340E+15 3.935945E+35 4.020134E+20 7.191811E+38
1.508356E+15 4.440108E+35 4.280790E+20 7.491733E+38
1.589532E+15 4.934724E+35 4.519743E+20 7.791420E+38
1.672809E+15 5.401698E+35 4.731455E+20 8.091248E+38
1.757939E+15 5.874777E+35 4.933434E+20 8.390778E+38
1.844983E+15 6.339364E+35 5.120732E+20 8.690480E+38
1.933818E+15 6.776198E+35 5.287553E+20 8.990383E+38
2.085459E+15 7.526642E+35 5.555184E+20 9.490055E+38
2.241423E+15 8.273201E+35 5.800671E+20 9.989514E+38
2.565394E+15 9.758547E+35 6.237351E+20 1.098809E+39
2.904744E+15 1.130606E+36 6.633948E+20 1.198674E+39
3.258854E+15 1.294405E+36 7.004027E+20 1.298535E+39
3.627539E+15 1.468472E+36 7.353874E+20 1.398428E+39
4.010553E+15 1.653252E+36 7.686745E+20 1.498339E+39
4.407833E+15 1.854407E+36 8.013506E+20 1.598239E+39
4.819195E+15 2.061390E+36 8.318453E+20 1.698110E+39
5.244638E+15 2.278974E+36 8.610821E+20 1.798025E+39
5.684038E+15 2.514154E+36 8.900221E+20 1.897933E+39
6.137273E+15 2.752719E+36 9.170201E+20 1.997830E+39
7.084628E+15 3.267873E+36 9.688301E+20 2.197611E+39
8.086949E+15 3.821769E+36 1.016941E+21 2.397567E+39
9.141767E+15 4.411745E+36 1.061710E+21 2.597410E+39
1.024908E+16 5.048956E+36 1.104355E+21 2.797248E+39
1.140704E+16 5.704928E+36 1.143414E+21 2.996946E+39
1.323846E+16 6.752885E+36 1.197946E+21 3.296686E+39
1.517859E+16 7.864120E+36 1.247765E+21 3.596331E+39
1.722556E+16 9.034746E+36 1.293548E+21 3.896121E+39
1.937505E+16 1.026310E+37 1.335901E+21 4.195877E+39
2.162521E+16 1.157415E+37 1.376099E+21 4.495600E+39
3.248265E+16 1.781527E+37 1.521883E+21 5.794597E+39
3.523368E+16 1.943106E+37 1.551504E+21 6.094337E+39
3.807365E+16 2.105684E+37 1.578990E+21 6.394095E+39
4.100069E+16 2.278585E+37 1.606049E+21 6.693814E+39
4.401545E+16 2.457426E+37 1.632033E+21 6.993541E+39
4.922819E+16 2.762156E+37 1.672351E+21 7.492926E+39
5.467562E+16 3.082093E+37 1.710264E+21 7.992589E+39
6.035218E+16 3.424234E+37 1.746804E+21 8.492158E+39
6.625725E+16 3.774866E+37 1.780754E+21 8.991864E+39
7.238219E+16 4.148812E+37 1.813751E+21 9.491239E+39
7.873565E+16 4.539242E+37 1.845283E+21 9.990988E+39
1.213613E+17 7.207626E+37 2.009154E+21 1.298428E+40
1.870635E+17 1.144487E+38 2.175991E+21 1.682246E+40
2.883354E+17 1.817311E+38 2.345804E+21 2.172777E+40
4.444336E+17 2.885677E+38 2.518611E+21 2.797613E+40
6.850398E+17 4.582118E+38 2.694425E+21 3.590872E+40
