88
7.800288E+00 1.009991E+08 1.000000E+00 4.698969E+24
7.860195E+00 1.009991E+09 1.628417E+08 4.735057E+24
7.899722E+00 1.009991E+10 1.782721E+09 4.758868E+24
8.149850E+00 1.009991E+11 1.752235E+10 4.909548E+24
1.159976E+01 1.209980E+12 1.624242E+11 6.987809E+24
1.639975E+01 1.399978E+13 1.335187E+12 9.879368E+24
4.510024E+01 1.699989E+14 7.106444E+12 2.716882E+25
2.119974E+02 5.819826E+15 6.226324E+13 1.277093E+26
1.149971E+03 1.899978E+17 3.980655E+14 6.927536E+26
1.043991E+04 9.744115E+18 2.560826E+15 6.289091E+27
2.622021E+04 4.967972E+19 4.864185E+15 1.579525E+28
6.586704E+04 2.431005E+20 9.298708E+15 3.967869E+28
1.653995E+05 1.150977E+21 1.757810E+16 9.963705E+28
4.156016E+05 5.265985E+21 3.250281E+16 2.503569E+29
1.043991E+06 2.317995E+22 5.834421E+16 6.288850E+29
2.622021E+06 9.755216E+22 1.010304E+17 1.579418E+30
6.587939E+06 3.911023E+23 1.680753E+17 3.968158E+30
8.293133E+06 5.258991E+23 1.862541E+17 4.995180E+30
1.654983E+07 1.435002E+24 2.615947E+17 9.967836E+30
3.301998E+07 3.832981E+24 3.612008E+17 1.988613E+31
6.589174E+07 1.005995E+25 4.908442E+17 3.967889E+31
1.314994E+08 2.604018E+25 6.575823E+17 7.917600E+31
2.623997E+08 6.675732E+25 8.704947E+17 1.579638E+32
3.303975E+08 8.737788E+25 9.403093E+17 1.988850E+32
5.237001E+08 1.628996E+26 1.119494E+18 3.151983E+32
8.301162E+08 3.028974E+26 1.329045E+18 4.995338E+32
1.044979E+09 4.128996E+26 1.446725E+18 6.287693E+32
1.315982E+09 5.036023E+26 1.523921E+18 7.917542E+32
1.657021E+09 6.860012E+26 1.646990E+18 9.968367E+32
2.625973E+09 1.271980E+27 1.924203E+18 1.579379E+33
4.163983E+09 2.356017E+27 2.247681E+18 2.503733E+33
6.600909E+09 4.362011E+27 2.625200E+18 3.967768E+33
8.312278E+09 5.662188E+27 2.800118E+18 4.995603E+33
1.046029E+10 7.702042E+27 3.018010E+18 6.285401E+33
1.318020E+10 1.048013E+28 3.253649E+18 7.918187E+33
1.658997E+10 1.425011E+28 3.507555E+18 9.964545E+33
2.090020E+10 1.937999E+28 3.781892E+18 1.255055E+34
2.630976E+10 2.502997E+28 4.021948E+18 1.579519E+34
3.312992E+10 3.403974E+28 4.325811E+18 1.988466E+34
4.172012E+10 4.627997E+28 4.653606E+18 2.503366E+34
5.253985E+10 5.949156E+28 4.934718E+18 3.151686E+34
6.616966E+10 8.088920E+28 5.295990E+18 3.968094E+34
8.332042E+10 1.100022E+29 5.686273E+18 4.994972E+34
1.000018E+11 1.401976E+29 6.015909E+18 5.993349E+34
1.999974E+11 3.133992E+29 7.208089E+18 1.197263E+35
4.000010E+11 7.156971E+29 8.591258E+18 2.391472E+35
7.999773E+11 1.036023E+30 9.160680E+18 4.777143E+35
1.000018E+12 1.256994E+30 9.407026E+18 5.969816E+35
1.999974E+12 2.122002E+30 1.001313E+19 1.192862E+36
4.000010E+12 3.779973E+30 1.059157E+19 2.383918E+36
7.999773E+12 8.526864E+30 1.140859E+19 4.763996E+36
1.000018E+13 1.162022E+31 1.175295E+19 5.953625E+36
1.999974E+13 3.261989E+31 1.319210E+19 1.189403E+37
4.000010E+13 9.407192E+31 1.529645E+19 2.375179E+37
7.999773E+13 2.746003E+32 1.838445E+19 4.739596E+37
1.000018E+14 3.929007E+32 1.969765E+19 5.919373E+37
1.182025E+14 4.198712E+32 1.994496E+19 6.991875E+37
1.351618E+14 5.412188E+32 2.090012E+19 7.990555E+37
1.691298E+14 8.508547E+32 2.293356E+19 9.987438E+37
2.117195E+14 1.449323E+33 2.607504E+19 1.248383E+38
2.544821E+14 2.253386E+33 2.950911E+19 1.498123E+38
2.973929E+14 3.268317E+33 3.315791E+19 1.747745E+38
3.404891E+14 4.821824E+33 3.797977E+19 1.997248E+38
4.275398E+14 9.873445E+33 5.104403E+19 2.495865E+38
5.160110E+14 1.782193E+34 6.751381E+19 2.994355E+38
6.062670E+14 2.933781E+34 8.724690E+19 3.492785E+38
6.986909E+14 4.590974E+34 1.112378E+20 3.990882E+38
8.922467E+14 9.918960E+34 1.729289E+20 4.982657E+38
1.100996E+15 1.853186E+35 2.481527E+20 5.974727E+38
1.329322E+15 3.149811E+35 3.354838E+20 6.966794E+38
1.582415E+15 5.088310E+35 4.372399E+20 7.957137E+38
2.192974E+15 1.057565E+36 6.386770E+20 9.973720E+38
3.208370E+15 1.970143E+36 8.497849E+20 1.263825E+39
4.523982E+15 3.152536E+36 1.027793E+21 1.541856E+39
5.253907E+15 3.808549E+36 1.102821E+21 1.676170E+39
6.101602E+15 4.570408E+36 1.176656E+21 1.819755E+39
7.086070E+15 5.455188E+36 1.249496E+21 1.973439E+39
8.229377E+15 6.482725E+36 1.321498E+21 2.138098E+39
9.557152E+15 7.676049E+36 1.392795E+21 2.314670E+39
1.109916E+16 9.061912E+36 1.463496E+21 2.504154E+39
1.288996E+16 1.067138E+37 1.533692E+21 2.707618E+39
1.496970E+16 1.254052E+37 1.603458E+21 2.926208E+39
1.738500E+16 1.471125E+37 1.672858E+21 3.161154E+39
2.018999E+16 1.723221E+37 1.741947E+21 3.413773E+39
2.344756E+16 2.015992E+37 1.810769E+21 3.685483E+39
2.723072E+16 2.356000E+37 1.879364E+21 3.977807E+39
3.162428E+16 2.750867E+37 1.947763E+21 4.292383E+39
3.672672E+16 3.209444E+37 2.015996E+21 4.630974E+39
