191
4.960239E+07 2.219249E+25 1.000000E+00 2.989583E+31
5.481659E+07 2.306838E+25 1.679607E+16 3.303689E+31
6.057956E+07 2.424678E+25 3.724006E+16 3.650845E+31
6.694757E+07 2.578430E+25 6.137316E+16 4.034439E+31
7.398919E+07 2.775310E+25 8.933125E+16 4.458597E+31
8.177723E+07 2.998667E+25 1.180284E+17 4.927702E+31
9.037888E+07 3.251887E+25 1.474640E+17 5.445797E+31
9.988596E+07 3.538521E+25 1.776117E+17 6.018409E+31
1.103902E+08 3.863121E+25 2.085025E+17 6.651057E+31
1.220080E+08 4.230406E+25 2.401275E+17 7.350752E+31
1.348432E+08 4.645703E+25 2.724815E+17 8.123733E+31
1.490304E+08 5.115286E+25 3.055814E+17 8.978111E+31
1.647166E+08 5.646092E+25 3.394336E+17 9.922720E+31
1.820484E+08 6.246114E+25 3.740559E+17 1.096639E+32
2.012033E+08 6.924400E+25 4.094673E+17 1.211980E+32
2.223771E+08 7.691495E+25 4.457018E+17 1.339472E+32
2.457778E+08 8.558502E+25 4.827558E+17 1.480368E+32
2.716440E+08 9.539297E+25 5.206810E+17 1.636101E+32
3.002327E+08 1.064831E+26 5.594803E+17 1.808218E+32
3.318313E+08 1.190331E+26 5.992054E+17 1.998449E+32
3.667519E+08 1.332316E+26 6.398686E+17 2.208669E+32
4.053494E+08 1.493062E+26 6.815208E+17 2.441013E+32
4.480153E+08 1.675011E+26 7.241771E+17 2.697835E+32
4.951717E+08 1.881105E+26 7.678921E+17 2.981674E+32
5.472896E+08 2.114565E+26 8.126951E+17 3.295362E+32
6.048891E+08 2.379052E+26 8.586186E+17 3.642024E+32
6.685575E+08 2.678841E+26 9.057143E+17 4.025192E+32
7.389130E+08 3.018539E+26 9.539972E+17 4.448582E+32
8.167323E+08 3.403696E+26 1.003527E+18 4.916862E+32
9.026882E+08 3.840364E+26 1.054331E+18 5.434076E+32
9.976984E+08 4.335590E+26 1.106460E+18 6.005739E+32
1.102742E+09 4.897257E+26 1.159952E+18 6.637736E+32
1.218798E+09 5.534080E+26 1.214825E+18 7.335945E+32
1.347090E+09 6.256660E+26 1.271157E+18 8.107717E+32
1.488902E+09 7.077042E+26 1.329021E+18 8.960773E+32
1.645642E+09 8.007326E+26 1.388387E+18 9.903565E+32
1.818901E+09 9.063054E+26 1.449340E+18 1.094564E+33
2.010391E+09 1.026143E+27 1.511938E+18 1.209730E+33
2.222070E+09 1.162134E+27 1.576205E+18 1.337028E+33
2.456018E+09 1.316385E+27 1.642158E+18 1.477709E+33
2.714622E+09 1.491452E+27 1.709878E+18 1.633204E+33
3.000388E+09 1.690109E+27 1.779403E+18 1.805018E+33
3.316317E+09 1.915519E+27 1.850776E+18 1.994953E+33
3.665527E+09 2.171181E+27 1.924014E+18 2.204879E+33
4.051445E+09 2.461256E+27 1.999194E+18 2.436853E+33
4.478048E+09 2.790575E+27 2.076412E+18 2.693260E+33
4.949556E+09 3.164131E+27 2.155657E+18 2.976633E+33
5.470804E+09 3.587921E+27 2.236992E+18 3.289871E+33
6.046868E+09 4.068605E+27 2.320456E+18 3.636019E+33
6.683809E+09 4.613676E+27 2.406080E+18 4.018710E+33
7.387371E+09 5.231627E+27 2.493903E+18 4.441389E+33
8.165575E+09 5.931949E+27 2.583949E+18 4.908864E+33
9.025140E+09 6.726798E+27 2.676410E+18 5.425160E+33
9.975877E+09 7.628218E+27 2.771276E+18 5.996160E+33
1.102633E+10 8.650088E+27 2.868568E+18 6.626979E+33
1.218752E+10 9.807392E+27 2.968256E+18 7.324222E+33
1.347168E+10 1.111900E+28 3.070466E+18 8.095222E+33
1.489044E+10 1.260435E+28 3.175181E+18 8.946930E+33
1.645848E+10 1.428785E+28 3.282555E+18 9.888143E+33
1.819232E+10 1.619505E+28 3.392603E+18 1.092875E+34
2.010848E+10 1.835479E+28 3.505345E+18 1.207864E+34
2.222715E+10 2.079873E+28 3.620760E+18 1.334990E+34
2.456851E+10 2.356405E+28 3.738903E+18 1.475459E+34
2.715644E+10 2.669349E+28 3.859857E+18 1.630701E+34
3.001722E+10 3.023590E+28 3.983722E+18 1.802287E+34
3.317964E+10 3.424234E+28 4.110457E+18 1.991938E+34
3.667488E+10 3.876998E+28 4.240026E+18 2.201518E+34
4.053905E+10 4.388376E+28 4.372416E+18 2.433186E+34
4.481006E+10 4.966862E+28 4.507902E+18 2.689208E+34
4.953138E+10 5.620004E+28 4.646287E+18 2.972180E+34
5.475071E+10 6.357681E+28 4.787681E+18 3.284951E+34
6.051946E+10 7.189719E+28 4.931955E+18 3.630592E+34
6.689449E+10 8.128884E+28 5.079279E+18 4.012496E+34
7.394869E+10 9.187943E+28 5.229566E+18 4.435017E+34
8.173703E+10 1.038188E+29 5.382836E+18 4.901432E+34
9.035138E+10 1.172624E+29 5.538963E+18 5.417225E+34
9.987116E+10 1.323990E+29 5.697987E+18 5.987131E+34
1.104006E+11 1.494449E+29 5.859991E+18 6.617365E+34
1.220373E+11 1.686057E+29 6.024724E+18 7.313751E+34
1.348976E+11 1.901199E+29 6.192050E+18 8.083224E+34
1.491163E+11 2.142984E+29 6.362164E+18 8.933806E+34
1.648339E+11 2.414354E+29 6.534882E+18 9.873879E+34
1.822034E+11 2.717806E+29 6.709600E+18 1.091255E+35
2.014146E+11 3.058226E+29 6.886909E+18 1.206113E+35
2.226448E+11 3.438554E+29 7.066107E+18 1.333017E+35
2.461144E+11 3.862622E+29 7.246857E+18 1.473278E+35
2.720556E+11 4.337144E+29 7.429821E+18 1.628280E+35
3.007380E+11 4.861678E+29 7.612779E+18 1.799625E+35
3.324429E+11 5.447157E+29 7.797514E+18 1.988987E+35
3.674883E+11 6.091251E+29 7.981360E+18 2.198259E+35
4.062355E+11 6.806171E+29 8.165957E+18 2.429588E+35
4.490635E+11 7.584368E+29 8.347729E+18 2.685228E+35
4.964069E+11 8.440829E+29 8.528701E+18 2.967764E+35
5.487430E+11 9.364453E+29 8.705254E+18 3.280033E+35
6.065979E+11 1.035468E+30 8.876490E+18 3.625163E+35
6.705588E+11 1.140986E+30 9.041558E+18 4.006647E+35
7.412255E+11 1.251332E+30 9.197727E+18 4.428052E+35
8.194188E+11 1.364620E+30 9.342778E+18 4.894262E+35
9.057482E+11 1.479185E+30 9.475487E+18 5.408901E+35
1.001256E+12 1.594582E+30 9.596428E+18 5.978176E+35
1.106798E+12 1.711867E+30 9.707635E+18 6.607179E+35
1.223414E+12 1.833315E+30 9.811819E+18 7.302096E+35
1.352390E+12 1.962033E+30 9.911719E+18 8.070581E+35
1.494887E+12 2.101576E+30 1.000970E+19 8.919534E+35
1.652436E+12 2.255051E+30 1.010719E+19 9.858060E+35
1.826565E+12 2.425621E+30 1.020521E+19 1.089524E+36
2.018989E+12 2.616507E+30 1.030445E+19 1.204127E+36
2.231726E+12 2.830817E+30 1.040524E+19 1.330813E+36
2.466856E+12 3.072213E+30 1.050796E+19 1.470820E+36
2.726767E+12 3.346303E+30 1.061346E+19 1.625563E+36
3.014026E+12 3.655139E+30 1.072101E+19 1.796569E+36
3.331572E+12 4.003607E+30 1.083080E+19 1.985582E+36
3.682587E+12 4.377553E+30 1.093738E+19 2.194491E+36
4.070558E+12 4.790352E+30 1.104383E+19 2.425367E+36
4.499399E+12 5.239620E+30 1.114863E+19 2.680535E+36
4.973395E+12 5.730461E+30 1.125223E+19 2.962538E+36
5.497380E+12 6.281083E+30 1.135736E+19 3.274246E+36
6.076492E+12 6.787854E+30 1.144492E+19 3.618710E+36
6.716792E+12 7.385656E+30 1.153835E+19 3.999532E+36
7.424083E+12 8.076154E+30 1.163598E+19 4.420153E+36
8.206639E+12 8.923178E+30 1.174432E+19 4.885480E+36
9.071186E+12 9.983902E+30 1.186705E+19 5.399494E+36
1.002689E+13 1.124167E+31 1.199870E+19 5.967627E+36
1.108294E+13 1.264376E+31 1.213146E+19 6.595318E+36
1.225097E+13 1.420348E+31 1.226508E+19 7.289460E+36
1.354136E+13 1.593306E+31 1.239912E+19 8.056212E+36
1.496820E+13 1.784747E+31 1.253334E+19 8.903913E+36
1.654556E+13 1.995948E+31 1.266730E+19 9.840900E+36
1.828935E+13 2.228352E+31 1.280065E+19 1.087659E+37
2.021608E+13 2.483514E+31 1.293311E+19 1.202077E+37
2.234656E+13 2.762822E+31 1.306427E+19 1.328577E+37
2.470160E+13 3.068050E+31 1.319395E+19 1.468389E+37
2.730506E+13 3.401087E+31 1.332195E+19 1.622927E+37
3.018264E+13 3.764320E+31 1.344825E+19 1.793712E+37
3.336307E+13 4.161079E+31 1.357306E+19 1.982446E+37
3.687944E+13 4.596192E+31 1.369688E+19 2.191086E+37
4.076598E+13 5.077431E+31 1.382077E+19 2.421658E+37
4.506249E+13 5.617228E+31 1.394648E+19 2.676515E+37
4.981177E+13 6.235013E+31 1.407664E+19 2.958190E+37
5.506156E+13 6.961589E+31 1.421511E+19 3.269504E+37
6.086511E+13 7.845803E+31 1.436755E+19 3.613599E+37
6.727991E+13 8.959812E+31 1.454128E+19 3.993867E+37
7.437146E+13 1.041241E+32 1.474619E+19 4.414164E+37
8.221567E+13 1.236734E+32 1.499565E+19 4.878951E+37
9.088589E+13 1.507216E+32 1.530786E+19 5.392521E+37
1.004678E+14 1.891152E+32 1.570880E+19 5.959866E+37
1.110716E+14 2.455817E+32 1.624232E+19 6.587392E+37
1.228015E+14 3.302508E+32 1.696612E+19 7.281062E+37
1.357797E+14 4.583092E+32 1.795642E+19 8.047811E+37
1.501471E+14 6.524200E+32 1.931374E+19 8.895504E+37
1.660629E+14 9.466584E+32 2.117293E+19 9.832846E+37
1.837048E+14 1.391374E+33 2.370990E+19 1.086926E+38
2.032749E+14 2.058559E+33 2.714226E+19 1.201507E+38
2.250000E+14 3.039520E+33 3.168668E+19 1.328134E+38
2.491560E+14 4.457315E+33 3.759199E+19 1.468107E+38
2.760617E+14 6.483125E+33 4.516507E+19 1.622840E+38
3.060792E+14 9.361122E+33 5.480168E+19 1.793813E+38
3.396565E+14 1.342640E+34 6.696331E+19 1.982745E+38
3.773280E+14 1.914409E+34 8.219876E+19 2.191494E+38
4.197328E+14 2.693550E+34 1.006236E+20 2.422110E+38
4.676639E+14 3.755661E+34 1.228309E+20 2.676949E+38
5.221052E+14 5.228685E+34 1.499354E+20 2.958552E+38
5.843063E+14 7.288520E+34 1.830899E+20 3.269664E+38
6.558680E+14 1.014654E+35 2.230411E+20 3.613320E+38
7.388904E+14 1.410135E+35 2.706679E+20 3.993055E+38
8.361168E+14 1.956427E+35 3.268347E+20 4.412819E+38
9.509979E+14 2.708425E+35 3.921965E+20 4.876410E+38
1.088283E+15 3.741951E+35 4.673434E+20 5.388794E+38
1.254139E+15 5.160690E+35 5.526844E+20 5.954985E+38
1.456895E+15 6.982939E+35 6.426261E+20 6.582870E+38
1.707535E+15 9.235539E+35 7.335284E+20 7.284711E+38
2.021054E+15 1.205326E+36 8.262135E+20 8.077288E+38
2.417329E+15 1.561474E+36 9.212646E+20 8.979582E+38
2.923394E+15 2.016296E+36 1.019180E+21 1.001440E+39
3.564375E+15 2.592371E+36 1.118728E+21 1.118857E+39
4.362053E+15 3.309277E+36 1.218024E+21 1.249664E+39
5.327220E+15 4.176712E+36 1.314648E+21 1.391592E+39
6.372712E+15 5.116337E+36 1.400155E+21 1.530546E+39
7.435018E+15 6.071075E+36 1.473032E+21 1.659857E+39
8.437161E+15 6.971741E+36 1.532399E+21 1.773217E+39
1.042273E+16 8.756253E+36 1.630936E+21 1.978753E+39
1.287558E+16 1.096073E+37 1.728772E+21 2.206380E+39
1.590567E+16 1.368399E+37 1.826050E+21 2.458648E+39
1.964885E+16 1.704814E+37 1.922880E+21 2.738383E+39
2.427294E+16 2.120400E+37 2.019350E+21 3.048714E+39
2.998525E+16 2.633788E+37 2.115531E+21 3.393113E+39
3.704187E+16 3.267995E+37 2.211480E+21 3.775432E+39
4.575916E+16 4.051453E+37 2.307240E+21 4.199945E+39
5.652796E+16 5.019288E+37 2.402850E+21 4.671397E+39
6.983104E+16 6.214890E+37 2.498337E+21 5.195059E+39
8.626482E+16 7.691861E+37 2.593725E+21 5.776784E+39
