198
4.954681E-03 9.425509E+14 1.000000E+00 2.985379E+21
4.954681E+07 9.425509E+24 4.379383E+18 2.970867E+31
5.476039E+07 1.009991E+25 4.392327E+18 3.283410E+31
6.052212E+07 1.101354E+25 4.408189E+18 3.628807E+31
6.689199E+07 1.222358E+25 4.427194E+18 4.010652E+31
7.393360E+07 1.380828E+25 4.449711E+18 4.432756E+31
8.170930E+07 1.561001E+25 4.472874E+18 4.898852E+31
9.031095E+07 1.765764E+25 4.496692E+18 5.414444E+31
9.981803E+07 1.998668E+25 4.521203E+18 5.984293E+31
1.103222E+08 2.263599E+25 4.546429E+18 6.613894E+31
1.219339E+08 2.564942E+25 4.572390E+18 7.309851E+31
1.347691E+08 2.907859E+25 4.599119E+18 8.079118E+31
1.489501E+08 3.298123E+25 4.626641E+18 8.929025E+31
1.646301E+08 3.742229E+25 4.654978E+18 9.868736E+31
1.819557E+08 4.247668E+25 4.684157E+18 1.090704E+32
2.011106E+08 4.822990E+25 4.714207E+18 1.205493E+32
2.222783E+08 5.477852E+25 4.745153E+18 1.332340E+32
2.456728E+08 6.223356E+25 4.777028E+18 1.472526E+32
2.715328E+08 7.072046E+25 4.809859E+18 1.627481E+32
3.001092E+08 8.037854E+25 4.843662E+18 1.798705E+32
3.317016E+08 9.137987E+25 4.878500E+18 1.987995E+32
3.666161E+08 1.039021E+26 4.914376E+18 2.197180E+32
4.052073E+08 1.181561E+26 4.951325E+18 2.428385E+32
4.478609E+08 1.343861E+26 4.989389E+18 2.683917E+32
4.950049E+08 1.528641E+26 5.028597E+18 2.966338E+32
5.471105E+08 1.739010E+26 5.068983E+18 3.278469E+32
6.047039E+08 1.978463E+26 5.110574E+18 3.623457E+32
6.683722E+08 2.251054E+26 5.153411E+18 4.004818E+32
7.387278E+08 2.561334E+26 5.197525E+18 4.426213E+32
8.164853E+08 2.914409E+26 5.242943E+18 4.891918E+32
9.024412E+08 3.316330E+26 5.289719E+18 5.406699E+32
9.974514E+08 3.773645E+26 5.337872E+18 5.975676E+32
1.102434E+09 4.294016E+26 5.387446E+18 6.604336E+32
1.218490E+09 4.886045E+26 5.438474E+18 7.299270E+32
1.346781E+09 5.559502E+26 5.490990E+18 8.067425E+32
1.488593E+09 6.326043E+26 5.545071E+18 8.916487E+32
1.645334E+09 7.197490E+26 5.600695E+18 9.854869E+32
1.818530E+09 8.189386E+26 5.657975E+18 1.089171E+33
2.010020E+09 9.316717E+26 5.716875E+18 1.203798E+33
2.221637E+09 1.059891E+27 5.777484E+18 1.330466E+33
2.455524E+09 1.205650E+27 5.839820E+18 1.470454E+33
2.714066E+09 1.371336E+27 5.903927E+18 1.625187E+33
2.999832E+09 1.559613E+27 5.969835E+18 1.796202E+33
3.315700E+09 1.773534E+27 6.037584E+18 1.985217E+33
3.664848E+09 2.016596E+27 6.107228E+18 2.194131E+33
4.050766E+09 2.292739E+27 6.178812E+18 2.425028E+33
4.477307E+09 2.606350E+27 6.252362E+18 2.680209E+33
4.948753E+09 2.962477E+27 6.327925E+18 2.962232E+33
5.469877E+09 3.366840E+27 6.405547E+18 3.273946E+33
6.045941E+09 3.825710E+27 6.485239E+18 3.618492E+33
6.682574E+09 4.346192E+27 6.567017E+18 3.999231E+33
7.386136E+09 4.936722E+27 6.650961E+18 4.419958E+33
8.164340E+09 5.606682E+27 6.737120E+18 4.885277E+33
9.023905E+09 6.366007E+27 6.825465E+18 5.399194E+33
9.974642E+09 7.227464E+27 6.916140E+18 5.967565E+33
1.102509E+10 8.202708E+27 7.009009E+18 6.595483E+33
1.218628E+10 9.307836E+27 7.104216E+18 7.289523E+33
1.346983E+10 1.055895E+28 7.201727E+18 8.056616E+33
1.488859E+10 1.197546E+28 7.301607E+18 8.904421E+33
1.645663E+10 1.357904E+28 7.403901E+18 9.841325E+33
1.818985E+10 1.539298E+28 7.508586E+18 1.087681E+34
2.010601E+10 1.744283E+28 7.615610E+18 1.202145E+34
2.222406E+10 1.976021E+28 7.725068E+18 1.328654E+34
2.456542E+10 2.237899E+28 7.836972E+18 1.468484E+34
2.715273E+10 2.533692E+28 7.951319E+18 1.622982E+34
3.001352E+10 2.867340E+28 8.068005E+18 1.793790E+34
3.317532E+10 3.243838E+28 8.187125E+18 1.982545E+34
3.667056E+10 3.668461E+28 8.308663E+18 2.191178E+34
4.053411E+10 4.147091E+28 8.432599E+18 2.421764E+34
4.480450E+10 4.685834E+28 8.558802E+18 2.676596E+34
4.952520E+10 5.292517E+28 8.687370E+18 2.958260E+34
5.474330E+10 5.975243E+28 8.818259E+18 3.269556E+34
6.051143E+10 6.742339E+28 8.951302E+18 3.613615E+34
6.688831E+10 7.604351E+28 9.086552E+18 3.993929E+34
7.393634E+10 8.572934E+28 9.224032E+18 4.414205E+34
8.172468E+10 9.659191E+28 9.363516E+18 4.878555E+34
9.033903E+10 1.087700E+29 9.504981E+18 5.392072E+34
9.985881E+10 1.224134E+29 9.648356E+18 5.959474E+34
1.103820E+11 1.376943E+29 9.793625E+18 6.586582E+34
1.220126E+11 1.547902E+29 9.940653E+18 7.279566E+34
1.348729E+11 1.738954E+29 1.008929E+19 8.045701E+34
1.490916E+11 1.952320E+29 1.023946E+19 8.892612E+34
1.648030E+11 2.190386E+29 1.039104E+19 9.828282E+34
1.821725E+11 2.455706E+29 1.054385E+19 1.086252E+35
2.013714E+11 2.751165E+29 1.069780E+19 1.200549E+35
2.225954E+11 3.079596E+29 1.085261E+19 1.326881E+35
2.460588E+11 3.444382E+29 1.100816E+19 1.466517E+35
2.719939E+11 3.848690E+29 1.116413E+19 1.620838E+35
3.006639E+11 4.296292E+29 1.132032E+19 1.791401E+35
3.323564E+11 4.790574E+29 1.147636E+19 1.979914E+35
3.673895E+11 5.335312E+29 1.163193E+19 2.188260E+35
4.061181E+11 5.933614E+29 1.178650E+19 2.418545E+35
4.489276E+11 6.589142E+29 1.193970E+19 2.673052E+35
4.962463E+11 7.301842E+29 1.209039E+19 2.954318E+35
5.485577E+11 8.078374E+29 1.223891E+19 3.265210E+35
6.063817E+11 8.908747E+29 1.238260E+19 3.608808E+35
6.703118E+11 9.794071E+29 1.252118E+19 3.988629E+35
7.409785E+11 1.073102E+30 1.265387E+19 4.408411E+35
8.190483E+11 1.170459E+30 1.277860E+19 4.872103E+35
9.053777E+11 1.268761E+30 1.289255E+19 5.384784E+35
1.000824E+12 1.367007E+30 1.299559E+19 5.951538E+35
1.106304E+12 1.463144E+30 1.308681E+19 6.577807E+35
1.222858E+12 1.556283E+30 1.316677E+19 7.269759E+35
1.351772E+12 1.647091E+30 1.323731E+19 8.035026E+35
1.494208E+12 1.738843E+30 1.330180E+19 8.880493E+35
1.651633E+12 1.834647E+30 1.336271E+19 9.814874E+35
1.825639E+12 1.937000E+30 1.342159E+19 1.084760E+36
2.018000E+12 2.047680E+30 1.347920E+19 1.198919E+36
2.230552E+12 2.167851E+30 1.353578E+19 1.325052E+36
2.465559E+12 2.300233E+30 1.359218E+19 1.464502E+36
2.725285E+12 2.444827E+30 1.364790E+19 1.618609E+36
3.012359E+12 2.590530E+30 1.369871E+19 1.788934E+36
3.329658E+12 2.727464E+30 1.374191E+19 1.977182E+36
3.680364E+12 2.840586E+30 1.377421E+19 2.185241E+36
4.969875E+12 2.898534E+30 1.378788E+19 2.950234E+36
5.493242E+12 2.915686E+30 1.379117E+19 3.260715E+36
6.071675E+12 3.138432E+30 1.382971E+19 3.603854E+36
6.711234E+12 3.493172E+30 1.388522E+19 3.983236E+36
7.417907E+12 3.882104E+30 1.394029E+19 4.402403E+36
8.198611E+12 4.307615E+30 1.399480E+19 4.865454E+36
9.061922E+12 4.771924E+30 1.404861E+19 5.377470E+36
1.001639E+13 5.277641E+30 1.410164E+19 5.943518E+36
1.107121E+13 5.827597E+30 1.415381E+19 6.569038E+36
1.223676E+13 6.425399E+30 1.420512E+19 7.260187E+36
1.352530E+13 7.075377E+30 1.425559E+19 8.024223E+36
1.494967E+13 7.784746E+30 1.430543E+19 8.868751E+36
1.652395E+13 8.562943E+30 1.435490E+19 9.802106E+36
1.826403E+13 9.425509E+30 1.440450E+19 1.083371E+37
2.018705E+13 1.039576E+31 1.445498E+19 1.197370E+37
2.231321E+13 1.150755E+31 1.450731E+19 1.323405E+37
2.466269E+13 1.281139E+31 1.456284E+19 1.462669E+37
2.725998E+13 1.438055E+31 1.462329E+19 1.616612E+37
3.013076E+13 1.631772E+31 1.469080E+19 1.786753E+37
3.330440E+13 1.876554E+31 1.476798E+19 1.974829E+37
3.681151E+13 2.192051E+31 1.485797E+19 2.182647E+37
4.068878E+13 2.605239E+31 1.496460E+19 2.412374E+37
4.497479E+13 3.153308E+31 1.509256E+19 2.666285E+37
4.971295E+13 3.885268E+31 1.524717E+19 2.946939E+37
5.495039E+13 4.867006E+31 1.543481E+19 3.257107E+37
6.074036E+13 6.142872E+31 1.565540E+19 3.599918E+37
6.714403E+13 7.915185E+31 1.593265E+19 3.978960E+37
7.422323E+13 1.039742E+32 1.628398E+19 4.397839E+37
8.204891E+13 1.388377E+32 1.673039E+19 4.860681E+37
9.070679E+13 1.879940E+32 1.729973E+19 5.372450E+37
1.002825E+14 2.576321E+32 1.802916E+19 5.938060E+37
1.108740E+14 3.564387E+32 1.896492E+19 6.563085E+37
1.226039E+14 5.004051E+32 2.019750E+19 7.254441E+37
1.355821E+14 7.007104E+32 2.174649E+19 8.018182E+37
1.499556E+14 9.763542E+32 2.367099E+19 8.862396E+37
1.658838E+14 1.352686E+33 2.604202E+19 9.795676E+37
1.835381E+14 1.862122E+33 2.893678E+19 1.082705E+38
2.031144E+14 2.546347E+33 3.244120E+19 1.196664E+38
2.248518E+14 3.461145E+33 3.666129E+19 1.322659E+38
2.489954E+14 4.679507E+33 4.171937E+19 1.461878E+38
2.758455E+14 6.296069E+33 4.775312E+19 1.615750E+38
3.057271E+14 8.434724E+33 5.492160E+19 1.785737E+38
3.390451E+14 1.125499E+34 6.339944E+19 1.973627E+38
3.762411E+14 1.495004E+34 7.334547E+19 2.181245E+38
4.178306E+14 1.950821E+34 8.431452E+19 2.410706E+38
4.643967E+14 2.528696E+34 9.673251E+19 2.664302E+38
5.166333E+14 3.279473E+34 1.111134E+20 2.944562E+38
5.753882E+14 4.265597E+34 1.279094E+20 3.254366E+38
6.416632E+14 5.548900E+34 1.472900E+20 3.596851E+38
7.165951E+14 7.216917E+34 1.695580E+20 3.975195E+38
8.015930E+14 9.377219E+34 1.949675E+20 4.393124E+38
8.984402E+14 1.216641E+35 2.237664E+20 4.855162E+38
1.009230E+15 1.576432E+35 2.562484E+20 5.365998E+38
1.136363E+15 2.040297E+35 2.927101E+20 5.930126E+38
1.283102E+15 2.637822E+35 3.334169E+20 6.553889E+38
1.453145E+15 3.407082E+35 3.786173E+20 7.242972E+38
1.651359E+15 4.396702E+35 4.285142E+20 8.004816E+38
1.883475E+15 5.668849E+35 4.832630E+20 8.846507E+38
2.156953E+15 7.304062E+35 5.430033E+20 9.776973E+38
2.477275E+15 9.403307E+35 6.077812E+20 1.079387E+39
2.848686E+15 1.209869E+36 6.777572E+20 1.188777E+39
3.271847E+15 1.555673E+36 7.530977E+20 1.303732E+39
3.722467E+15 1.929340E+36 8.219502E+20 1.416714E+39
4.186875E+15 2.307893E+36 8.820028E+20 1.525097E+39
4.649914E+15 2.663243E+36 9.315166E+20 1.626775E+39
5.414871E+15 3.338612E+36 1.012373E+21 1.782958E+39
6.305671E+15 4.139210E+36 1.092446E+21 1.949252E+39
7.343016E+15 5.071514E+36 1.170642E+21 2.126575E+39
8.551015E+15 6.157192E+36 1.247294E+21 2.316020E+39
9.957741E+15 7.421474E+36 1.322669E+21 2.518735E+39
1.159589E+16 8.893743E+36 1.396980E+21 2.735933E+39
1.350353E+16 1.060821E+37 1.470401E+21 2.968903E+39
1.572499E+16 1.260473E+37 1.543075E+21 3.219018E+39
1.831191E+16 1.492970E+37 1.615120E+21 3.487747E+39
2.132440E+16 1.763715E+37 1.686632E+21 3.776661E+39
2.483247E+16 2.079000E+37 1.757693E+21 4.087448E+39
3.414013E+16 2.915517E+37 1.905019E+21 4.815955E+39
4.693647E+16 4.065575E+37 2.051153E+21 5.666632E+39
6.452910E+16 5.646696E+37 2.196431E+21 6.661108E+39
8.871578E+16 7.820451E+37 2.341094E+21 7.824647E+39
1.219681E+17 1.080897E+38 2.485311E+21 9.186801E+39
1.676839E+17 1.491763E+38 2.629207E+21 1.078216E+40
2.305348E+17 2.056630E+38 2.772870E+21 1.265121E+40
3.169434E+17 2.833219E+38 2.916363E+21 1.484143E+40
