309
1.677925E+03 5.097191E+21 1.000000E+00 1.014215E+27
1.837978E+03 5.098467E+21 7.253643E+14 1.110632E+27
2.013450E+03 5.099966E+21 1.502917E+15 1.216338E+27
2.205807E+03 5.101798E+21 2.370634E+15 1.332215E+27
2.416764E+03 5.103907E+21 3.282861E+15 1.459298E+27
2.648095E+03 5.106405E+21 4.269008E+15 1.598653E+27
2.901758E+03 5.109347E+21 5.329180E+15 1.751461E+27
3.179893E+03 5.112843E+21 6.479393E+15 1.919012E+27
3.484827E+03 5.117006E+21 7.729102E+15 2.102705E+27
3.819189E+03 5.121891E+21 9.067282E+15 2.304126E+27
4.185794E+03 5.127664E+21 1.051047E+16 2.524970E+27
4.587825E+03 5.134491E+21 1.206798E+16 2.767154E+27
5.028645E+03 5.142539E+21 1.374333E+16 3.032705E+27
5.511925E+03 5.151975E+21 1.553549E+16 3.323833E+27
6.041950E+03 5.163132E+21 1.746880E+16 3.643119E+27
6.623185E+03 5.176176E+21 1.953097E+16 3.993253E+27
7.260092E+03 5.191440E+21 2.173256E+16 4.376923E+27
7.958800E+03 5.209258E+21 2.407703E+16 4.797821E+27
8.724803E+03 5.229962E+21 2.656225E+16 5.259256E+27
9.564838E+03 5.253940E+21 2.918794E+16 5.765285E+27
1.048625E+04 5.281693E+21 3.196008E+16 6.320334E+27
1.149576E+04 5.313609E+21 3.486810E+16 6.928449E+27
1.260316E+04 5.350133E+21 3.790364E+16 7.595533E+27
1.381764E+04 5.391929E+21 4.107223E+16 8.327114E+27
1.514897E+04 5.439387E+21 4.435388E+16 9.129083E+27
1.660879E+04 5.493228E+21 4.774975E+16 1.000845E+28
1.820932E+04 5.553951E+21 5.124311E+16 1.097257E+28
1.996466E+04 5.622224E+21 5.482547E+16 1.202994E+28
2.188884E+04 5.699378E+21 5.851791E+16 1.318901E+28
2.399903E+04 5.784857E+21 6.224914E+16 1.446013E+28
2.631296E+04 5.880883E+21 6.607209E+16 1.585396E+28
2.884959E+04 5.987455E+21 6.994177E+16 1.738193E+28
3.163156E+04 6.105683E+21 7.385714E+16 1.905769E+28
3.468213E+04 6.236678E+21 7.781367E+16 2.089522E+28
3.802638E+04 6.382104E+21 8.181968E+16 2.290965E+28
4.169366E+04 6.542517E+21 8.584980E+16 2.511865E+28
4.571458E+04 6.720137E+21 8.991961E+16 2.754065E+28
5.012340E+04 6.915519E+21 9.400253E+16 3.019630E+28
5.495744E+04 7.131438E+21 9.811762E+16 3.310806E+28
6.025831E+04 7.369004E+21 1.022469E+17 3.630099E+28
6.607127E+04 7.630439E+21 1.063912E+17 3.980237E+28
7.244034E+04 7.918516E+21 1.105560E+17 4.363870E+28
7.943360E+04 8.235456E+21 1.147348E+17 4.785098E+28
8.709363E+04 8.584590E+21 1.189330E+17 5.246486E+28
9.549398E+04 8.968138E+21 1.231391E+17 5.752462E+28
1.047019E+05 9.389985E+21 1.273582E+17 6.307081E+28
1.148032E+05 9.854017E+21 1.315909E+17 6.915503E+28
1.258772E+05 1.036467E+22 1.358389E+17 7.582515E+28
1.380220E+05 1.092640E+22 1.401005E+17 8.314015E+28
1.513353E+05 1.154418E+22 1.443749E+17 9.115896E+28
1.659397E+05 1.222413E+22 1.486653E+17 9.995533E+28
1.819450E+05 1.297291E+22 1.529742E+17 1.095955E+29
1.994984E+05 1.379718E+22 1.573001E+17 1.201680E+29
2.187402E+05 1.470471E+22 1.616439E+17 1.317574E+29
2.398483E+05 1.570493E+22 1.660099E+17 1.444708E+29
2.629814E+05 1.680728E+22 1.703983E+17 1.584038E+29
2.883539E+05 1.802287E+22 1.748117E+17 1.736854E+29
3.161736E+05 1.936445E+22 1.792538E+17 1.904410E+29
3.466731E+05 2.084480E+22 1.837241E+17 2.088105E+29
3.801217E+05 2.248001E+22 1.882274E+17 2.289561E+29
4.167946E+05 2.428730E+22 1.927666E+17 2.510435E+29
4.570038E+05 2.628608E+22 1.973450E+17 2.752607E+29
5.010920E+05 2.849800E+22 2.019658E+17 3.018139E+29
5.494385E+05 3.094804E+22 2.066335E+17 3.309317E+29
6.024410E+05 3.366341E+22 2.113516E+17 3.628535E+29
6.605892E+05 3.667517E+22 2.161240E+17 3.978742E+29
7.242799E+05 4.001942E+22 2.209570E+17 4.362327E+29
7.941507E+05 4.373501E+22 2.258543E+17 4.783131E+29
8.708128E+05 4.786856E+22 2.308229E+17 5.244834E+29
9.548163E+05 5.247002E+22 2.358671E+17 5.750748E+29
1.046896E+06 5.759879E+22 2.409948E+17 6.305296E+29
1.147908E+06 6.332148E+22 2.462128E+17 6.913641E+29
1.258649E+06 6.970470E+22 2.515209E+17 7.580567E+29
1.380097E+06 7.684835E+22 2.569386E+17 8.311973E+29
1.513230E+06 8.484124E+22 2.624670E+17 9.113749E+29
1.659273E+06 9.378884E+22 2.681110E+17 9.993270E+29
1.819327E+06 1.038244E+23 2.738842E+17 1.095716E+30
1.994860E+06 1.150866E+23 2.797930E+17 1.201426E+30
2.187340E+06 1.277420E+23 2.858484E+17 1.317342E+30
2.398359E+06 1.419738E+23 2.920589E+17 1.444421E+30
2.629752E+06 1.579929E+23 2.984342E+17 1.583768E+30
2.883477E+06 1.760324E+23 3.049818E+17 1.736563E+30
3.161674E+06 1.963754E+23 3.117157E+17 1.904094E+30
3.466731E+06 2.193272E+23 3.186446E+17 2.087799E+30
3.801217E+06 2.452431E+23 3.257798E+17 2.289224E+30
4.167946E+06 2.745226E+23 3.331318E+17 2.510064E+30
4.570100E+06 3.076210E+23 3.407113E+17 2.752235E+30
5.011043E+06 3.450599E+23 3.485304E+17 3.017761E+30
5.494509E+06 3.874278E+23 3.566002E+17 3.308892E+30
6.024595E+06 4.353852E+23 3.649308E+17 3.628093E+30
6.605892E+06 4.896980E+23 3.735352E+17 3.978127E+30
7.243416E+06 5.512211E+23 3.824241E+17 4.362017E+30
7.942124E+06 6.209480E+23 3.916118E+17 4.782744E+30
8.708128E+06 6.999333E+23 4.011039E+17 5.243989E+30
9.548780E+06 7.894648E+23 4.109164E+17 5.750177E+30
1.047019E+07 8.909857E+23 4.210635E+17 6.304988E+30
1.148032E+07 1.006050E+24 4.315523E+17 6.913209E+30
1.258772E+07 1.136545E+24 4.424011E+17 7.579996E+30
1.380220E+07 1.284469E+24 4.536168E+17 8.311244E+30
1.513415E+07 1.451987E+24 4.652003E+17 9.113214E+30
1.659459E+07 1.641929E+24 4.771784E+17 9.992533E+30
1.819512E+07 1.857182E+24 4.895584E+17 1.095619E+31
1.995107E+07 2.101132E+24 5.023542E+17 1.201341E+31
2.187588E+07 2.377608E+24 5.155798E+17 1.317227E+31
2.398668E+07 2.690886E+24 5.292472E+17 1.444310E+31
2.630123E+07 3.045848E+24 5.433703E+17 1.583658E+31
2.883909E+07 3.447935E+24 5.579605E+17 1.736447E+31
3.162168E+07 3.903363E+24 5.730320E+17 1.903968E+31
3.467287E+07 4.419182E+24 5.885997E+17 2.087655E+31
3.801835E+07 5.003330E+24 6.046782E+17 2.289057E+31
4.168687E+07 5.664964E+24 6.212869E+17 2.509901E+31
4.570964E+07 6.413187E+24 6.384161E+17 2.752067E+31
5.012031E+07 7.260767E+24 6.561122E+17 3.017579E+31
5.495620E+07 8.220470E+24 6.743859E+17 3.308682E+31
6.025954E+07 9.305616E+24 6.932298E+17 3.627917E+31
6.607127E+07 1.053397E+25 7.126836E+17 3.977747E+31
7.245269E+07 1.192329E+25 7.327499E+17 4.361861E+31
7.943977E+07 1.349522E+25 7.534554E+17 4.782422E+31
8.710599E+07 1.527309E+25 7.748129E+17 5.243850E+31
9.551251E+07 1.728352E+25 7.968384E+17 5.749824E+31
1.047266E+08 1.955706E+25 8.195544E+17 6.304393E+31
1.148341E+08 2.212700E+25 8.429721E+17 6.912711E+31
1.259143E+08 2.503275E+25 8.671194E+17 7.579560E+31
1.380652E+08 2.831705E+25 8.920105E+17 8.310829E+31
1.513909E+08 3.202875E+25 9.176646E+17 9.112773E+31
1.660015E+08 3.622335E+25 9.441045E+17 9.992014E+31
1.820191E+08 4.096303E+25 9.713507E+17 1.095591E+32
1.995848E+08 4.631771E+25 9.994230E+17 1.201292E+32
2.188452E+08 5.236622E+25 1.028342E+18 1.317188E+32
2.399656E+08 5.919737E+25 1.058128E+18 1.444272E+32
2.631235E+08 6.691274E+25 1.088808E+18 1.583610E+32
2.885206E+08 7.561056E+25 1.120351E+18 1.736417E+32
3.163651E+08 8.542961E+25 1.152825E+18 1.903942E+32
3.468954E+08 9.650865E+25 1.186241E+18 2.087621E+32
3.803749E+08 1.090086E+26 1.220624E+18 2.289035E+32
4.170787E+08 1.231183E+26 1.256019E+18 2.509837E+32
4.573373E+08 1.390431E+26 1.292451E+18 2.752015E+32
5.014749E+08 1.570049E+26 1.329925E+18 3.017517E+32
5.498708E+08 1.772646E+26 1.368474E+18 3.308621E+32
6.029413E+08 2.001221E+26 1.408136E+18 3.627829E+32
6.611450E+08 2.258992E+26 1.448928E+18 3.977897E+32
7.249592E+08 2.549678E+26 1.490878E+18 4.361692E+32
7.948918E+08 2.877386E+26 1.534008E+18 4.782264E+32
8.716157E+08 3.246947E+26 1.578366E+18 5.243656E+32
9.557427E+08 3.664575E+26 1.624081E+18 5.749543E+32
1.048007E+09 4.125110E+26 1.670054E+18 6.304337E+32
1.149205E+09 4.639931E+26 1.716921E+18 6.912815E+32
1.260131E+09 5.213643E+26 1.764551E+18 7.579749E+32
1.381764E+09 5.850354E+26 1.812757E+18 8.311021E+32
1.515083E+09 6.549733E+26 1.861048E+18 9.112505E+32
1.661373E+09 7.359568E+26 1.912042E+18 9.991925E+32
1.821735E+09 8.274311E+26 1.964570E+18 1.095588E+33
1.997578E+09 9.306726E+26 2.018636E+18 1.201283E+33
2.190428E+09 1.047291E+27 2.074329E+18 1.317194E+33
2.401818E+09 1.178896E+27 2.131647E+18 1.444239E+33
2.633705E+09 1.327320E+27 2.190598E+18 1.583594E+33
2.887924E+09 1.495670E+27 2.251576E+18 1.736360E+33
3.166739E+09 1.685280E+27 2.314207E+18 1.903895E+33
3.472475E+09 1.898923E+27 2.378563E+18 2.087593E+33
3.807702E+09 2.139598E+27 2.444677E+18 2.288996E+33
4.175295E+09 2.410746E+27 2.512603E+18 2.509827E+33
4.578375E+09 2.716196E+27 2.582385E+18 2.751959E+33
5.020431E+09 3.060168E+27 2.654047E+18 3.017483E+33
5.505132E+09 3.447435E+27 2.727624E+18 3.308598E+33
6.036639E+09 3.884103E+27 2.803280E+18 3.627799E+33
6.619479E+09 4.373112E+27 2.880544E+18 3.977799E+33
7.258856E+09 4.922901E+27 2.959759E+18 4.361717E+33
7.959417E+09 5.540963E+27 3.040969E+18 4.782335E+33
8.727891E+09 6.235568E+27 3.124200E+18 5.243686E+33
9.571014E+09 7.015985E+27 3.209476E+18 5.749804E+33
1.049490E+10 7.892983E+27 3.296865E+18 6.304349E+33
1.150811E+10 8.887654E+27 3.387252E+18 6.912453E+33
1.261984E+10 1.002165E+28 3.481221E+18 7.579614E+33
1.383802E+10 1.129995E+28 3.577818E+18 8.310582E+33
1.517491E+10 1.273923E+28 3.676998E+18 9.112694E+33
1.664029E+10 1.436112E+28 3.778916E+18 9.991796E+33
1.824700E+10 1.618672E+28 3.883529E+18 1.095557E+34
2.000974E+10 1.824323E+28 3.990993E+18 1.201283E+34
2.010848E+10 1.835479E+28 3.996549E+18 1.207204E+34
2.222715E+10 2.079873E+28 4.111964E+18 1.334261E+34
2.456851E+10 2.356405E+28 4.230107E+18 1.474653E+34
2.715644E+10 2.669349E+28 4.351062E+18 1.629810E+34
3.001722E+10 3.023590E+28 4.474927E+18 1.801302E+34
3.317964E+10 3.424234E+28 4.601662E+18 1.990849E+34
3.667488E+10 3.876998E+28 4.731230E+18 2.200315E+34
4.053905E+10 4.388376E+28 4.863621E+18 2.431857E+34
4.481006E+10 4.966862E+28 4.999106E+18 2.687739E+34
4.953138E+10 5.620004E+28 5.137492E+18 2.970556E+34
5.475071E+10 6.357681E+28 5.278886E+18 3.283156E+34
6.051946E+10 7.189719E+28 5.423160E+18 3.628608E+34
6.689449E+10 8.128884E+28 5.570484E+18 4.010304E+34
7.394869E+10 9.187943E+28 5.720771E+18 4.432594E+34
8.173703E+10 1.038188E+29 5.874041E+18 4.898754E+34
9.035138E+10 1.172624E+29 6.030167E+18 5.414265E+34
9.987116E+10 1.323990E+29 6.189191E+18 5.983859E+34
1.104006E+11 1.494449E+29 6.351196E+18 6.613749E+34
1.220373E+11 1.686057E+29 6.515928E+18 7.309755E+34
1.348976E+11 1.901199E+29 6.683254E+18 8.078807E+34
1.491163E+11 2.142984E+29 6.853368E+18 8.928924E+34
1.648339E+11 2.414354E+29 7.026086E+18 9.868484E+34
1.822034E+11 2.717806E+29 7.200805E+18 1.090659E+35
2.014146E+11 3.058226E+29 7.378113E+18 1.205454E+35
2.226448E+11 3.438554E+29 7.557312E+18 1.332289E+35
2.461144E+11 3.862622E+29 7.738062E+18 1.472473E+35
2.720556E+11 4.337144E+29 7.921026E+18 1.627390E+35
3.007380E+11 4.861678E+29 8.103983E+18 1.798642E+35
3.324429E+11 5.447157E+29 8.288718E+18 1.987901E+35
3.674883E+11 6.091251E+29 8.472564E+18 2.197058E+35
4.062355E+11 6.806171E+29 8.657162E+18 2.428260E+35
4.490635E+11 7.584368E+29 8.838933E+18 2.683761E+35
4.964069E+11 8.440829E+29 9.019906E+18 2.966142E+35
5.487430E+11 9.364453E+29 9.196458E+18 3.278241E+35
6.065979E+11 1.035468E+30 9.367694E+18 3.623182E+35
6.705588E+11 1.140986E+30 9.532762E+18 4.004458E+35
7.412255E+11 1.251332E+30 9.688931E+18 4.425633E+35
8.194188E+11 1.364620E+30 9.833982E+18 4.891587E+35
9.057482E+11 1.479185E+30 9.966692E+18 5.405946E+35
1.001256E+12 1.594582E+30 1.008763E+19 5.974910E+35
1.106798E+12 1.711867E+30 1.019884E+19 6.603569E+35
1.223414E+12 1.833315E+30 1.030302E+19 7.298106E+35
1.352390E+12 1.962033E+30 1.040292E+19 8.066171E+35
1.494887E+12 2.101576E+30 1.050090E+19 8.914660E+35
1.652436E+12 2.255051E+30 1.059839E+19 9.852674E+35
1.826565E+12 2.425621E+30 1.069641E+19 1.088929E+36
2.018989E+12 2.616507E+30 1.079565E+19 1.203469E+36
2.231726E+12 2.830817E+30 1.089645E+19 1.330086E+36
2.466856E+12 3.072213E+30 1.099916E+19 1.470016E+36
2.726767E+12 3.346303E+30 1.110467E+19 1.624675E+36
3.014026E+12 3.655139E+30 1.121222E+19 1.795587E+36
3.331572E+12 4.003607E+30 1.132200E+19 1.984497E+36
3.682587E+12 4.377553E+30 1.142859E+19 2.193292E+36
4.070558E+12 4.790352E+30 1.153503E+19 2.424042E+36
4.499399E+12 5.239620E+30 1.163984E+19 2.679070E+36
4.973395E+12 5.730461E+30 1.174343E+19 2.960920E+36
5.497380E+12 6.281083E+30 1.184857E+19 3.272457E+36
6.076492E+12 6.787854E+30 1.193612E+19 3.616733E+36
6.716792E+12 7.385656E+30 1.202956E+19 3.997347E+36
7.424083E+12 8.076154E+30 1.212719E+19 4.417737E+36
8.206639E+12 8.923178E+30 1.223553E+19 4.882810E+36
9.071186E+12 9.983902E+30 1.235826E+19 5.396543E+36
1.002689E+13 1.124167E+31 1.248990E+19 5.964366E+36
1.108294E+13 1.264376E+31 1.262267E+19 6.591714E+36
1.225097E+13 1.420348E+31 1.275628E+19 7.285477E+36
1.354136E+13 1.593306E+31 1.289032E+19 8.051810E+36
1.496820E+13 1.784747E+31 1.302454E+19 8.899048E+36
1.654556E+13 1.995948E+31 1.315850E+19 9.835523E+36
1.828935E+13 2.228352E+31 1.329186E+19 1.087065E+37
2.021608E+13 2.483514E+31 1.342431E+19 1.201420E+37
2.234656E+13 2.762822E+31 1.355548E+19 1.327851E+37
2.470160E+13 3.068050E+31 1.368516E+19 1.467587E+37
2.730506E+13 3.401087E+31 1.381316E+19 1.622040E+37
3.018264E+13 3.764320E+31 1.393946E+19 1.792732E+37
3.336307E+13 4.161079E+31 1.406426E+19 1.981363E+37
3.687944E+13 4.596192E+31 1.418808E+19 2.189889E+37
4.076598E+13 5.077431E+31 1.431197E+19 2.420334E+37
4.506249E+13 5.617228E+31 1.443769E+19 2.675053E+37
4.981177E+13 6.235013E+31 1.456784E+19 2.956574E+37
5.506156E+13 6.961589E+31 1.470632E+19 3.267717E+37
6.086511E+13 7.845803E+31 1.485876E+19 3.611625E+37
6.727991E+13 8.959812E+31 1.503248E+19 3.991685E+37
7.437146E+13 1.041241E+32 1.523739E+19 4.411752E+37
8.221567E+13 1.236734E+32 1.548685E+19 4.876286E+37
9.088589E+13 1.507216E+32 1.579907E+19 5.389575E+37
1.004678E+14 1.891152E+32 1.620001E+19 5.956609E+37
1.110716E+14 2.455817E+32 1.673353E+19 6.583792E+37
1.228015E+14 3.302508E+32 1.745733E+19 7.277084E+37
1.357797E+14 4.583092E+32 1.844762E+19 8.043414E+37
1.501471E+14 6.524200E+32 1.980494E+19 8.890644E+37
1.660629E+14 9.466584E+32 2.166414E+19 9.827473E+37
1.837048E+14 1.391374E+33 2.420111E+19 1.086332E+38
2.032749E+14 2.058559E+33 2.763346E+19 1.200850E+38
2.250000E+14 3.039520E+33 3.217789E+19 1.327409E+38
2.491560E+14 4.457315E+33 3.808319E+19 1.467305E+38
2.760617E+14 6.483125E+33 4.565627E+19 1.621953E+38
3.060792E+14 9.361122E+33 5.529288E+19 1.792833E+38
3.396565E+14 1.342640E+34 6.745451E+19 1.981662E+38
3.773280E+14 1.914409E+34 8.268996E+19 2.190297E+38
4.197328E+14 2.693550E+34 1.011148E+20 2.420787E+38
4.676639E+14 3.755661E+34 1.233221E+20 2.675486E+38
5.221052E+14 5.228685E+34 1.504266E+20 2.956936E+38
5.843063E+14 7.288520E+34 1.835811E+20 3.267878E+38
6.558680E+14 1.014654E+35 2.235324E+20 3.611346E+38
7.388904E+14 1.410135E+35 2.711591E+20 3.990873E+38
8.361168E+14 1.956427E+35 3.273259E+20 4.410408E+38
9.509979E+14 2.708425E+35 3.926877E+20 4.873746E+38
1.088283E+15 3.741951E+35 4.678346E+20 5.385849E+38
1.254139E+15 5.160690E+35 5.531756E+20 5.951731E+38
1.456895E+15 6.982939E+35 6.431173E+20 6.579274E+38
1.707535E+15 9.235539E+35 7.340196E+20 7.280731E+38
2.021054E+15 1.205326E+36 8.267047E+20 8.072874E+38
2.417329E+15 1.561474E+36 9.217559E+20 8.974675E+38
2.923394E+15 2.016296E+36 1.019671E+21 1.000893E+39
3.564375E+15 2.592371E+36 1.119219E+21 1.118245E+39
4.362053E+15 3.309277E+36 1.218515E+21 1.248981E+39
5.327220E+15 4.176712E+36 1.315139E+21 1.390832E+39
6.372712E+15 5.116337E+36 1.400646E+21 1.529710E+39
7.435018E+15 6.071075E+36 1.473523E+21 1.658950E+39
8.437161E+15 6.971741E+36 1.532890E+21 1.772249E+39
1.042273E+16 8.756253E+36 1.631427E+21 1.977672E+39
1.287558E+16 1.096073E+37 1.729264E+21 2.205174E+39
1.590567E+16 1.368399E+37 1.826541E+21 2.457305E+39
1.964885E+16 1.704814E+37 1.923371E+21 2.736886E+39
2.427294E+16 2.120400E+37 2.019842E+21 3.047048E+39
2.998525E+16 2.633788E+37 2.116023E+21 3.391259E+39
3.704187E+16 3.267995E+37 2.211971E+21 3.773369E+39
4.575916E+16 4.051453E+37 2.307731E+21 4.197650E+39
5.652796E+16 5.019288E+37 2.403341E+21 4.668845E+39
6.983104E+16 6.214890E+37 2.498828E+21 5.192220E+39
8.626482E+16 7.691861E+37 2.594216E+21 5.773628E+39
