192
4.968527E+07 8.123889E+24 1.000000E+00 2.993633E+31
5.510747E+07 8.786078E+24 1.265052E+16 3.320270E+31
6.112250E+07 9.689164E+24 2.820212E+16 3.682612E+31
6.779765E+07 1.089753E+25 4.695964E+16 4.084713E+31
7.519404E+07 1.249889E+25 6.936905E+16 4.530250E+31
8.341033E+07 1.433559E+25 9.254169E+16 5.025162E+31
9.251364E+07 1.644149E+25 1.164948E+17 5.573490E+31
1.026203E+08 1.885546E+25 1.412488E+17 6.182239E+31
1.138220E+08 2.162466E+25 1.668497E+17 6.856925E+31
1.262535E+08 2.480350E+25 1.933446E+17 7.605660E+31
1.400370E+08 2.844860E+25 2.207344E+17 8.435797E+31
1.553316E+08 3.262544E+25 2.490299E+17 9.356919E+31
1.722964E+08 3.741174E+25 2.782613E+17 1.037859E+32
1.911087E+08 4.289686E+25 3.084624E+17 1.151150E+32
2.119767E+08 4.918516E+25 3.396772E+17 1.276815E+32
2.351266E+08 5.638876E+25 3.719147E+17 1.416217E+32
2.608031E+08 6.464253E+25 4.052150E+17 1.570828E+32
2.892879E+08 7.408969E+25 4.395771E+17 1.742342E+32
3.208743E+08 8.491340E+25 4.750699E+17 1.932525E+32
3.559174E+08 9.732459E+25 5.117611E+17 2.143512E+32
3.947903E+08 1.115286E+26 5.496177E+17 2.377548E+32
4.379028E+08 1.277864E+26 5.886813E+17 2.637097E+32
4.857261E+08 1.463865E+26 6.289725E+17 2.924994E+32
5.387740E+08 1.676843E+26 6.705644E+17 3.244329E+32
5.976219E+08 1.920737E+26 7.135037E+17 3.598561E+32
6.628685E+08 2.199878E+26 7.578096E+17 3.991292E+32
7.353047E+08 2.518983E+26 8.034707E+17 4.427275E+32
8.155705E+08 2.884269E+26 8.505927E+17 4.910359E+32
9.046471E+08 3.302453E+26 8.992274E+17 5.446443E+32
1.003513E+09 3.781194E+26 9.494204E+17 6.041406E+32
1.113084E+09 4.328763E+26 1.001175E+18 6.700757E+32
1.234646E+09 4.954595E+26 1.054503E+18 7.432220E+32
1.369546E+09 5.669959E+26 1.109457E+18 8.243892E+32
1.519128E+09 6.487566E+26 1.166078E+18 9.143851E+32
1.685046E+09 7.423400E+26 1.224505E+18 1.014203E+33
1.869134E+09 8.492450E+26 1.284675E+18 1.124944E+33
2.073288E+09 9.714142E+26 1.346663E+18 1.247749E+33
2.299772E+09 1.111123E+27 1.410570E+18 1.383976E+33
2.550974E+09 1.270815E+27 1.476423E+18 1.535059E+33
2.829645E+09 1.453430E+27 1.544312E+18 1.702652E+33
3.138722E+09 1.662078E+27 1.614239E+18 1.888516E+33
3.481632E+09 1.900200E+27 1.686183E+18 2.094709E+33
3.861984E+09 2.172013E+27 1.760217E+18 2.323397E+33
4.283877E+09 2.482404E+27 1.836431E+18 2.577042E+33
4.751900E+09 2.837200E+27 1.914967E+18 2.858395E+33
5.271069E+09 3.243117E+27 1.995967E+18 3.170467E+33
5.846951E+09 3.706261E+27 2.079283E+18 3.516599E+33
6.485605E+09 4.234680E+27 2.164977E+18 3.900422E+33
7.194678E+09 4.837921E+27 2.253167E+18 4.326526E+33
7.980224E+09 5.526753E+27 2.343948E+18 4.798537E+33
8.852648E+09 6.312166E+27 2.437261E+18 5.322697E+33
9.819903E+09 7.209147E+27 2.533327E+18 5.903772E+33
1.089300E+10 8.232126E+27 2.632093E+18 6.548358E+33
1.208294E+10 9.399422E+27 2.733689E+18 7.263056E+33
1.340321E+10 1.073102E+28 2.838168E+18 8.055933E+33
1.486785E+10 1.224856E+28 2.945504E+18 8.935416E+33
1.649280E+10 1.397702E+28 3.055712E+18 9.911035E+33
1.829517E+10 1.594860E+28 3.169034E+18 1.099305E+34
2.029454E+10 1.819660E+28 3.285511E+18 1.219317E+34
2.251295E+10 2.075821E+28 3.405156E+18 1.352459E+34
2.497362E+10 2.367451E+28 3.527943E+18 1.500122E+34
2.770288E+10 2.698989E+28 3.653777E+18 1.663879E+34
3.073071E+10 3.076043E+28 3.782782E+18 1.845525E+34
3.409014E+10 3.505162E+28 3.915130E+18 2.047036E+34
3.781605E+10 3.993172E+28 4.050806E+18 2.270495E+34
4.195004E+10 4.547402E+28 4.189706E+18 2.518391E+34
4.653555E+10 5.176343E+28 4.331792E+18 2.793320E+34
5.162275E+10 5.889764E+28 4.477078E+18 3.098279E+34
5.726671E+10 6.699600E+28 4.625740E+18 3.436559E+34
6.352983E+10 7.619337E+28 4.777930E+18 3.811886E+34
7.047391E+10 8.661189E+28 4.933330E+18 4.227950E+34
7.817666E+10 9.835700E+28 5.091252E+18 4.689390E+34
8.672371E+10 1.116119E+29 5.251906E+18 5.201318E+34
9.620685E+10 1.266041E+29 5.415703E+18 5.769210E+34
1.067301E+11 1.435280E+29 5.582370E+18 6.399274E+34
1.183975E+11 1.625444E+29 5.751181E+18 7.097708E+34
1.313436E+11 1.840031E+29 5.922894E+18 7.872543E+34
1.457091E+11 2.081261E+29 6.096893E+18 8.732171E+34
1.616471E+11 2.351743E+29 6.272751E+18 9.685703E+34
1.793226E+11 2.656805E+29 6.451534E+18 1.074298E+35
1.989316E+11 2.995337E+29 6.630374E+18 1.191567E+35
2.206942E+11 3.375555E+29 6.811427E+18 1.321691E+35
2.448308E+11 3.794793E+29 6.991377E+18 1.465979E+35
2.716105E+11 4.258492E+29 7.170786E+18 1.626037E+35
3.013147E+11 4.754606E+29 7.343816E+18 1.803539E+35
3.342740E+11 5.282082E+29 7.509651E+18 2.000454E+35
3.708370E+11 5.822046E+29 7.662687E+18 2.218861E+35
4.113953E+11 6.341029E+29 7.795294E+18 2.461096E+35
4.563895E+11 6.780639E+29 7.896576E+18 2.729789E+35
5.062967E+11 7.087033E+29 7.960236E+18 3.027794E+35
5.616614E+11 7.358458E+29 8.011084E+18 3.358366E+35
6.230837E+11 7.552175E+29 8.043807E+18 3.725089E+35
6.911804E+11 7.777530E+29 8.078125E+18 4.131647E+35
7.667419E+11 8.048400E+29 8.115309E+18 4.582754E+35
8.505636E+11 8.348689E+29 8.152470E+18 5.083154E+35
9.435007E+11 8.797734E+29 8.202554E+18 5.637945E+35
1.046656E+12 9.390541E+29 8.262148E+18 6.253697E+35
1.161008E+12 1.008714E+30 8.325273E+18 6.936235E+35
1.287903E+12 1.093805E+30 8.394779E+18 7.693583E+35
1.428625E+12 1.191774E+30 8.466916E+18 8.533392E+35
1.584766E+12 1.307116E+30 8.543476E+18 9.465139E+35
1.757977E+12 1.442440E+30 8.624444E+18 1.049866E+36
1.950094E+12 1.602908E+30 8.710992E+18 1.164488E+36
2.163197E+12 1.787244E+30 8.800616E+18 1.291619E+36
2.399550E+12 1.996059E+30 8.892138E+18 1.432606E+36
2.661784E+12 2.235069E+30 8.986574E+18 1.589014E+36
2.952715E+12 2.501054E+30 9.081313E+18 1.762521E+36
3.275400E+12 2.800066E+30 9.177321E+18 1.954944E+36
3.633326E+12 3.130384E+30 9.272933E+18 2.168361E+36
4.030412E+12 3.492062E+30 9.367309E+18 2.405101E+36
4.470877E+12 3.881938E+30 9.459023E+18 2.667676E+36
4.959495E+12 4.291740E+30 9.545931E+18 2.958928E+36
5.501527E+12 4.675177E+30 9.619247E+18 3.281991E+36
6.102725E+12 5.051565E+30 9.684134E+18 3.640289E+36
6.769388E+12 5.422069E+30 9.741722E+18 4.037576E+36
7.509726E+12 5.779307E+30 9.791784E+18 4.478742E+36
8.330207E+12 6.299955E+30 9.857537E+18 4.967634E+36
9.240637E+12 7.063720E+30 9.944470E+18 5.510076E+36
1.025018E+13 7.929062E+30 1.003326E+19 6.111513E+36
1.137047E+13 8.921513E+30 1.012506E+19 6.778861E+36
1.261314E+13 1.007105E+31 1.022091E+19 7.519029E+36
1.399101E+13 1.141707E+31 1.032208E+19 8.339640E+36
1.552064E+13 1.300733E+31 1.042983E+19 9.250526E+36
1.721669E+13 1.490619E+31 1.054581E+19 1.026039E+37
1.909813E+13 1.719249E+31 1.067169E+19 1.138048E+37
2.118577E+13 1.996558E+31 1.080932E+19 1.262315E+37
2.350163E+13 2.335535E+31 1.096097E+19 1.400146E+37
2.607080E+13 2.753386E+31 1.112947E+19 1.553025E+37
2.892082E+13 3.274034E+31 1.131873E+19 1.722582E+37
3.208289E+13 3.929174E+31 1.153339E+19 1.910661E+37
3.559129E+13 4.758214E+31 1.177824E+19 2.119286E+37
3.948394E+13 5.814831E+31 1.205952E+19 2.350694E+37
4.380307E+13 7.172512E+31 1.238528E+19 2.607367E+37
4.859580E+13 8.936500E+31 1.276674E+19 2.892072E+37
5.391477E+13 1.126221E+32 1.322002E+19 3.207891E+37
5.981748E+13 1.436667E+32 1.376530E+19 3.558175E+37
6.636818E+13 1.855406E+32 1.442805E+19 3.946650E+37
7.364344E+13 2.425122E+32 1.524049E+19 4.377738E+37
8.172036E+13 3.207759E+32 1.624588E+19 4.855841E+37
9.069071E+13 4.289242E+32 1.749707E+19 5.386158E+37
1.006586E+14 5.786522E+32 1.905660E+19 5.974523E+37
1.117343E+14 7.857459E+32 2.099770E+19 6.626995E+37
1.240524E+14 1.071381E+33 2.340571E+19 7.350896E+37
1.377600E+14 1.458037E+33 2.633538E+19 8.154054E+37
1.530163E+14 1.917129E+33 2.945836E+19 9.044969E+37
1.700051E+14 2.504607E+33 3.304712E+19 1.003335E+38
1.889409E+14 3.305395E+33 3.743808E+19 1.113011E+38
2.100688E+14 4.421014E+33 4.292345E+19 1.234708E+38
2.336708E+14 5.954151E+33 4.967311E+19 1.369730E+38
2.600783E+14 8.083369E+33 5.805291E+19 1.519527E+38
2.896901E+14 1.105240E+34 6.847675E+19 1.685744E+38
3.229789E+14 1.520704E+34 8.145478E+19 1.870170E+38
3.605222E+14 2.106572E+34 9.768469E+19 2.074797E+38
4.030329E+14 2.937722E+34 1.180192E+20 2.301810E+38
4.513842E+14 4.119837E+34 1.434299E+20 2.553497E+38
5.067022E+14 5.794848E+34 1.748692E+20 2.832457E+38
5.703900E+14 8.141651E+34 2.130589E+20 3.141409E+38
6.442274E+14 1.137100E+35 2.582769E+20 3.483363E+38
7.305247E+14 1.573046E+35 3.104038E+20 3.861984E+38
8.320726E+14 2.149811E+35 3.688770E+20 4.280969E+38
9.523850E+14 2.896314E+35 4.326471E+20 4.744782E+38
1.095839E+15 3.845082E+35 5.005932E+20 5.258756E+38
1.267613E+15 5.033858E+35 5.716823E+20 5.828392E+38
1.474244E+15 6.510323E+35 6.451813E+20 6.460637E+38
1.723257E+15 8.334257E+35 7.205785E+20 7.161950E+38
2.024149E+15 1.057560E+36 7.973696E+20 7.940530E+38
2.383702E+15 1.332205E+36 8.752877E+20 8.794127E+38
2.805977E+15 1.668572E+36 9.543615E+20 9.712765E+38
3.289846E+15 2.081316E+36 1.034945E+21 1.067595E+39
3.799531E+15 2.510879E+36 1.105505E+21 1.160878E+39
4.313581E+15 2.931782E+36 1.165003E+21 1.248402E+39
4.809557E+15 3.315663E+36 1.212815E+21 1.327963E+39
5.619544E+15 3.997516E+36 1.286425E+21 1.449366E+39
6.565943E+15 4.797728E+36 1.359421E+21 1.580104E+39
7.671726E+15 5.758124E+36 1.433506E+21 1.720856E+39
8.963737E+15 6.910769E+36 1.508682E+21 1.872207E+39
1.047334E+16 8.267508E+36 1.583542E+21 2.034884E+39
1.223717E+16 9.852739E+36 1.657650E+21 2.209839E+39
1.429806E+16 1.170494E+37 1.731128E+21 2.398143E+39
1.670602E+16 1.386908E+37 1.804075E+21 2.600946E+39
1.951952E+16 1.639768E+37 1.876573E+21 2.819485E+39
2.280684E+16 1.935212E+37 1.948691E+21 3.055088E+39
2.664778E+16 2.280414E+37 2.020487E+21 3.309187E+39
3.113559E+16 2.683751E+37 2.092010E+21 3.583326E+39
3.637920E+16 3.155015E+37 2.163300E+21 3.879169E+39
5.194362E+16 4.553853E+37 2.325717E+21 4.647804E+39
7.416711E+16 6.551168E+37 2.487416E+21 5.564200E+39
1.058987E+17 9.403011E+37 2.648617E+21 6.657504E+39
1.512062E+17 1.347498E+38 2.809471E+21 7.962487E+39
2.158981E+17 1.928910E+38 2.970083E+21 9.520646E+39
3.082676E+17 2.759073E+38 3.130526E+21 1.138153E+40
4.401564E+17 3.944411E+38 3.290850E+21 1.360430E+40
