301
1.677925E+03 5.097191E+21 1.000000E+00 1.014215E+27
1.837978E+03 5.098467E+21 7.253643E+14 1.110632E+27
2.013450E+03 5.099966E+21 1.502917E+15 1.216338E+27
2.205807E+03 5.101798E+21 2.370634E+15 1.332215E+27
2.416764E+03 5.103907E+21 3.282861E+15 1.459298E+27
2.648095E+03 5.106405E+21 4.269008E+15 1.598653E+27
2.901758E+03 5.109347E+21 5.329180E+15 1.751461E+27
3.179893E+03 5.112843E+21 6.479393E+15 1.919012E+27
3.484827E+03 5.117006E+21 7.729102E+15 2.102705E+27
3.819189E+03 5.121891E+21 9.067282E+15 2.304126E+27
4.185794E+03 5.127664E+21 1.051047E+16 2.524970E+27
4.587825E+03 5.134491E+21 1.206798E+16 2.767154E+27
5.028645E+03 5.142539E+21 1.374333E+16 3.032705E+27
5.511925E+03 5.151975E+21 1.553549E+16 3.323833E+27
6.041950E+03 5.163132E+21 1.746880E+16 3.643119E+27
6.623185E+03 5.176176E+21 1.953097E+16 3.993253E+27
7.260092E+03 5.191440E+21 2.173256E+16 4.376923E+27
7.958800E+03 5.209258E+21 2.407703E+16 4.797821E+27
8.724803E+03 5.229962E+21 2.656225E+16 5.259256E+27
9.564838E+03 5.253940E+21 2.918794E+16 5.765285E+27
1.048625E+04 5.281693E+21 3.196008E+16 6.320334E+27
1.149576E+04 5.313609E+21 3.486810E+16 6.928449E+27
1.260316E+04 5.350133E+21 3.790364E+16 7.595533E+27
1.381764E+04 5.391929E+21 4.107223E+16 8.327114E+27
1.514897E+04 5.439387E+21 4.435388E+16 9.129083E+27
1.660879E+04 5.493228E+21 4.774975E+16 1.000845E+28
1.820932E+04 5.553951E+21 5.124311E+16 1.097257E+28
1.996466E+04 5.622224E+21 5.482547E+16 1.202994E+28
2.188884E+04 5.699378E+21 5.851791E+16 1.318901E+28
2.399903E+04 5.784857E+21 6.224914E+16 1.446013E+28
2.631296E+04 5.880883E+21 6.607209E+16 1.585396E+28
2.884959E+04 5.987455E+21 6.994177E+16 1.738193E+28
3.163156E+04 6.105683E+21 7.385714E+16 1.905769E+28
3.468213E+04 6.236678E+21 7.781367E+16 2.089522E+28
3.802638E+04 6.382104E+21 8.181968E+16 2.290965E+28
4.169366E+04 6.542517E+21 8.584980E+16 2.511865E+28
4.571458E+04 6.720137E+21 8.991961E+16 2.754065E+28
5.012340E+04 6.915519E+21 9.400253E+16 3.019630E+28
5.495744E+04 7.131438E+21 9.811762E+16 3.310806E+28
6.025831E+04 7.369004E+21 1.022469E+17 3.630099E+28
6.607127E+04 7.630439E+21 1.063912E+17 3.980237E+28
7.244034E+04 7.918516E+21 1.105560E+17 4.363870E+28
7.943360E+04 8.235456E+21 1.147348E+17 4.785098E+28
8.709363E+04 8.584590E+21 1.189330E+17 5.246486E+28
9.549398E+04 8.968138E+21 1.231391E+17 5.752462E+28
1.047019E+05 9.389985E+21 1.273582E+17 6.307081E+28
1.148032E+05 9.854017E+21 1.315909E+17 6.915503E+28
1.258772E+05 1.036467E+22 1.358389E+17 7.582515E+28
1.380220E+05 1.092640E+22 1.401005E+17 8.314015E+28
1.513353E+05 1.154418E+22 1.443749E+17 9.115896E+28
1.659397E+05 1.222413E+22 1.486653E+17 9.995533E+28
1.819450E+05 1.297291E+22 1.529742E+17 1.095955E+29
1.994984E+05 1.379718E+22 1.573001E+17 1.201680E+29
2.187402E+05 1.470471E+22 1.616439E+17 1.317574E+29
2.398483E+05 1.570493E+22 1.660099E+17 1.444708E+29
2.629814E+05 1.680728E+22 1.703983E+17 1.584038E+29
2.883539E+05 1.802287E+22 1.748117E+17 1.736854E+29
3.161736E+05 1.936445E+22 1.792538E+17 1.904410E+29
3.466731E+05 2.084480E+22 1.837241E+17 2.088105E+29
3.801217E+05 2.248001E+22 1.882274E+17 2.289561E+29
4.167946E+05 2.428730E+22 1.927666E+17 2.510435E+29
4.570038E+05 2.628608E+22 1.973450E+17 2.752607E+29
5.010920E+05 2.849800E+22 2.019658E+17 3.018139E+29
5.494385E+05 3.094804E+22 2.066335E+17 3.309317E+29
6.024410E+05 3.366341E+22 2.113516E+17 3.628535E+29
6.605892E+05 3.667517E+22 2.161240E+17 3.978742E+29
7.242799E+05 4.001942E+22 2.209570E+17 4.362327E+29
7.941507E+05 4.373501E+22 2.258543E+17 4.783131E+29
8.708128E+05 4.786856E+22 2.308229E+17 5.244834E+29
9.548163E+05 5.247002E+22 2.358671E+17 5.750748E+29
1.046896E+06 5.759879E+22 2.409948E+17 6.305296E+29
1.147908E+06 6.332148E+22 2.462128E+17 6.913641E+29
1.258649E+06 6.970470E+22 2.515209E+17 7.580567E+29
1.380097E+06 7.684835E+22 2.569386E+17 8.311973E+29
1.513230E+06 8.484124E+22 2.624670E+17 9.113749E+29
1.659273E+06 9.378884E+22 2.681110E+17 9.993270E+29
1.819327E+06 1.038244E+23 2.738842E+17 1.095716E+30
1.994860E+06 1.150866E+23 2.797930E+17 1.201426E+30
2.187340E+06 1.277420E+23 2.858484E+17 1.317342E+30
2.398359E+06 1.419738E+23 2.920589E+17 1.444421E+30
2.629752E+06 1.579929E+23 2.984342E+17 1.583768E+30
2.883477E+06 1.760324E+23 3.049818E+17 1.736563E+30
3.161674E+06 1.963754E+23 3.117157E+17 1.904094E+30
3.466731E+06 2.193272E+23 3.186446E+17 2.087799E+30
3.801217E+06 2.452431E+23 3.257798E+17 2.289224E+30
4.167946E+06 2.745226E+23 3.331318E+17 2.510064E+30
4.570100E+06 3.076210E+23 3.407113E+17 2.752235E+30
5.011043E+06 3.450599E+23 3.485304E+17 3.017761E+30
5.494509E+06 3.874278E+23 3.566002E+17 3.308892E+30
6.024595E+06 4.353852E+23 3.649308E+17 3.628093E+30
6.605892E+06 4.896980E+23 3.735352E+17 3.978127E+30
7.243416E+06 5.512211E+23 3.824241E+17 4.362017E+30
7.942124E+06 6.209480E+23 3.916118E+17 4.782744E+30
8.708128E+06 6.999333E+23 4.011039E+17 5.243989E+30
9.548780E+06 7.894648E+23 4.109164E+17 5.750177E+30
1.047019E+07 8.909857E+23 4.210635E+17 6.304988E+30
1.148032E+07 1.006050E+24 4.315523E+17 6.913209E+30
1.258772E+07 1.136545E+24 4.424011E+17 7.579996E+30
1.380220E+07 1.284469E+24 4.536168E+17 8.311244E+30
1.513415E+07 1.451987E+24 4.652003E+17 9.113214E+30
1.659459E+07 1.641929E+24 4.771784E+17 9.992533E+30
1.819512E+07 1.857182E+24 4.895584E+17 1.095619E+31
1.995107E+07 2.101132E+24 5.023542E+17 1.201341E+31
2.187588E+07 2.377608E+24 5.155798E+17 1.317227E+31
2.398668E+07 2.690886E+24 5.292472E+17 1.444310E+31
2.630123E+07 3.045848E+24 5.433703E+17 1.583658E+31
2.883909E+07 3.447935E+24 5.579605E+17 1.736447E+31
3.162168E+07 3.903363E+24 5.730320E+17 1.903968E+31
3.467287E+07 4.419182E+24 5.885997E+17 2.087655E+31
3.801835E+07 5.003330E+24 6.046782E+17 2.289057E+31
4.168687E+07 5.664964E+24 6.212869E+17 2.509901E+31
4.570964E+07 6.413187E+24 6.384161E+17 2.752067E+31
5.012031E+07 7.260767E+24 6.561122E+17 3.017579E+31
5.495620E+07 8.220470E+24 6.743859E+17 3.308682E+31
6.025954E+07 9.305616E+24 6.932298E+17 3.627917E+31
6.779765E+07 1.091530E+25 7.183879E+17 4.081664E+31
7.520022E+07 1.251610E+25 7.407886E+17 4.527239E+31
8.341033E+07 1.435280E+25 7.639603E+17 5.021410E+31
9.251364E+07 1.645815E+25 7.879071E+17 5.569329E+31
1.026203E+08 1.887156E+25 8.126554E+17 6.177623E+31
1.138220E+08 2.164021E+25 8.382512E+17 6.851805E+31
1.262535E+08 2.481849E+25 8.647414E+17 7.599981E+31
1.400370E+08 2.846303E+25 8.921271E+17 8.429499E+31
1.553316E+08 3.263987E+25 9.204226E+17 9.349932E+31
1.722964E+08 3.742617E+25 9.496540E+17 1.037084E+32
1.911087E+08 4.290963E+25 9.798460E+17 1.150290E+32
2.119767E+08 4.919737E+25 1.011058E+18 1.275861E+32
2.351266E+08 5.639986E+25 1.043291E+18 1.415159E+32
2.608031E+08 6.465363E+25 1.076591E+18 1.569655E+32
2.892879E+08 7.410079E+25 1.110953E+18 1.741041E+32
3.208805E+08 8.492450E+25 1.146445E+18 1.931119E+32
3.559235E+08 9.733014E+25 1.183120E+18 2.141949E+32
3.947903E+08 1.115342E+26 1.220976E+18 2.375773E+32
4.379089E+08 1.277919E+26 1.260039E+18 2.635165E+32
4.857322E+08 1.463921E+26 1.300330E+18 2.922847E+32
5.387802E+08 1.676898E+26 1.341921E+18 3.241944E+32
5.976219E+08 1.920848E+26 1.384870E+18 3.595874E+32
6.628685E+08 2.199933E+26 1.429167E+18 3.988311E+32
7.353047E+08 2.518983E+26 1.474820E+18 4.423969E+32
8.155705E+08 2.884436E+26 1.521964E+18 4.906693E+32
9.046471E+08 3.302675E+26 1.570605E+18 5.442376E+32
1.003513E+09 3.781527E+26 1.620809E+18 6.036895E+32
1.113084E+09 4.329207E+26 1.672575E+18 6.695753E+32
1.234646E+09 4.955261E+26 1.725922E+18 7.426670E+32
1.369546E+09 5.670514E+26 1.780867E+18 8.237736E+32
1.519128E+09 6.488676E+26 1.837526E+18 9.137023E+32
1.685046E+09 7.425066E+26 1.895988E+18 1.013445E+33
1.869134E+09 8.494670E+26 1.956189E+18 1.124104E+33
2.073288E+09 9.716917E+26 2.018206E+18 1.246817E+33
2.299772E+09 1.111456E+27 2.082138E+18 1.382942E+33
2.550974E+09 1.271259E+27 2.148036E+18 1.533913E+33
2.829645E+09 1.453985E+27 2.215967E+18 1.701380E+33
3.138722E+09 1.662689E+27 2.285912E+18 1.887105E+33
3.481632E+09 1.900977E+27 2.357907E+18 2.093144E+33
3.861984E+09 2.172957E+27 2.431986E+18 2.321662E+33
4.283877E+09 2.483570E+27 2.508255E+18 2.575117E+33
4.751900E+09 2.838588E+27 2.586840E+18 2.856260E+33
5.271069E+09 3.244671E+27 2.667873E+18 3.168099E+33
5.846951E+09 3.708092E+27 2.751239E+18 3.513972E+33
6.485605E+09 4.236733E+27 2.836969E+18 3.897508E+33
7.194678E+09 4.840197E+27 2.925191E+18 4.323294E+33
7.980224E+09 5.529362E+27 3.016016E+18 4.794952E+33
8.852648E+09 6.315497E+27 3.109415E+18 5.318720E+33
9.819903E+09 7.212477E+27 3.205481E+18 5.899360E+33
1.089300E+10 8.236011E+27 3.304300E+18 6.543464E+33
1.208294E+10 9.403862E+27 3.405945E+18 7.257629E+33
1.340321E+10 1.073657E+28 3.510510E+18 8.049912E+33
1.486785E+10 1.225577E+28 3.617964E+18 8.928737E+33
1.649280E+10 1.398590E+28 3.728278E+18 9.903627E+33
1.829517E+10 1.595804E+28 3.841632E+18 1.098483E+34
2.029454E+10 1.820770E+28 3.958195E+18 1.218405E+34
2.251295E+10 2.077098E+28 4.077918E+18 1.351448E+34
2.497362E+10 2.368894E+28 4.200775E+18 1.499000E+34
2.770288E+10 2.700766E+28 4.326735E+18 1.662635E+34
3.073071E+10 3.078263E+28 4.455892E+18 1.844145E+34
3.409014E+10 3.507715E+28 4.588343E+18 2.045505E+34
3.781605E+10 3.996170E+28 4.724142E+18 2.268797E+34
4.195004E+10 4.550843E+28 4.863153E+18 2.516507E+34
4.653555E+10 5.180173E+28 5.005327E+18 2.791230E+34
5.162275E+10 5.893649E+28 5.150624E+18 3.095961E+34
5.726671E+10 6.704040E+28 5.299388E+18 3.433987E+34
6.352983E+10 7.623778E+28 5.451578E+18 3.809033E+34
7.047391E+10 8.666740E+28 5.607144E+18 4.224785E+34
7.817666E+10 9.843471E+28 5.765363E+18 4.685879E+34
8.672371E+10 1.117229E+29 5.926421E+18 5.197423E+34
9.620685E+10 1.267706E+29 6.090824E+18 5.764889E+34
1.067301E+11 1.437944E+29 6.258474E+18 6.394480E+34
1.183975E+11 1.629163E+29 6.428220E+18 7.092388E+34
1.313436E+11 1.845193E+29 6.601087E+18 7.866639E+34
1.457091E+11 2.088588E+29 6.776645E+18 8.725617E+34
1.616471E+11 2.361012E+29 6.953765E+18 9.678429E+34
1.793226E+11 2.668128E+29 7.133750E+18 1.073491E+35
1.989377E+11 3.009713E+29 7.314198E+18 1.190708E+35
2.206942E+11 3.391596E+29 7.496040E+18 1.320695E+35
2.448308E+11 3.814387E+29 7.677513E+18 1.464874E+35
2.716105E+11 4.280306E+29 7.857779E+18 1.624809E+35
3.013147E+11 4.784247E+29 8.033535E+18 1.802175E+35
3.342740E+11 5.325099E+29 8.203572E+18 1.998939E+35
3.708370E+11 5.887544E+29 8.362972E+18 2.217177E+35
4.114015E+11 6.441496E+29 8.504502E+18 2.459258E+35
4.563957E+11 6.926065E+29 8.616128E+18 2.727738E+35
5.063090E+11 7.296291E+29 8.693036E+18 3.025539E+35
5.616738E+11 7.559391E+29 8.742322E+18 3.355841E+35
6.230837E+11 7.762543E+29 8.776638E+18 3.722192E+35
6.911804E+11 8.072823E+29 8.823877E+18 4.128416E+35
7.667419E+11 8.308169E+29 8.856187E+18 4.579150E+35
8.505636E+11 8.817161E+29 8.919146E+18 5.079130E+35
9.435625E+11 9.500998E+29 8.995383E+18 5.633808E+35
1.046656E+12 9.802952E+29 9.025754E+18 6.248660E+35
1.161070E+12 1.044738E+30 9.084154E+18 6.930988E+35
1.287965E+12 1.149978E+30 9.170095E+18 7.687690E+35
1.428749E+12 1.268150E+30 9.257088E+18 8.527136E+35
1.584889E+12 1.384824E+30 9.334525E+18 9.458063E+35
1.758100E+12 1.553896E+30 9.435658E+18 1.049066E+36
1.950218E+12 1.753164E+30 9.543105E+18 1.163584E+36
2.163383E+12 1.987122E+30 9.656824E+18 1.290632E+36
2.399859E+12 2.243894E+30 9.769333E+18 1.431556E+36
2.662155E+12 2.507215E+30 9.873350E+18 1.587848E+36
2.953085E+12 2.811501E+30 9.981702E+18 1.761182E+36
3.275894E+12 3.161190E+30 1.009395E+19 1.953485E+36
3.633944E+12 3.568439E+30 1.021179E+19 2.166755E+36
4.031153E+12 4.089753E+30 1.034776E+19 2.403316E+36
4.471803E+12 4.708758E+30 1.049329E+19 2.665708E+36
4.960606E+12 5.440053E+30 1.064827E+19 2.956724E+36
5.502886E+12 6.344915E+30 1.082112E+19 3.279519E+36
6.104516E+12 7.266318E+30 1.097979E+19 3.637577E+36
6.771858E+12 8.227130E+30 1.112894E+19 4.034676E+36
7.512196E+12 9.336144E+30 1.128412E+19 4.475136E+36
8.333912E+12 1.061223E+31 1.144508E+19 4.963925E+36
9.244960E+12 1.143317E+31 1.153846E+19 5.505775E+36
1.025574E+13 1.325322E+31 1.172499E+19 6.106847E+36
1.137727E+13 1.541463E+31 1.192465E+19 6.773634E+36
1.262117E+13 1.796514E+31 1.213703E+19 7.513007E+36
1.400151E+13 2.093972E+31 1.236028E+19 8.333283E+36
1.553300E+13 2.441108E+31 1.259510E+19 9.243141E+36
1.723213E+13 2.846969E+31 1.284257E+19 1.025233E+37
1.911727E+13 3.322102E+31 1.310368E+19 1.137168E+37
2.120862E+13 3.878441E+31 1.337924E+19 1.261310E+37
2.352880E+13 4.530694E+31 1.367042E+19 1.398992E+37
2.610415E+13 5.297180E+31 1.397881E+19 1.551766E+37
2.896097E+13 6.201709E+31 1.430680E+19 1.721175E+37
3.213107E+13 7.275199E+31 1.465761E+19 1.909092E+37
3.564811E+13 8.554617E+31 1.503441E+19 2.117491E+37
3.955188E+13 1.008881E+32 1.544160E+19 2.348703E+37
4.388336E+13 1.193994E+32 1.588433E+19 2.605127E+37
4.869030E+13 1.419405E+32 1.637013E+19 2.889550E+37
5.402470E+13 1.695826E+32 1.690694E+19 3.205004E+37
5.994594E+13 2.036467E+32 1.750298E+19 3.554940E+37
6.651641E+13 2.457926E+32 1.816739E+19 3.942972E+37
7.381019E+13 2.979684E+32 1.890842E+19 4.373384E+37
8.191182E+13 3.615175E+32 1.972142E+19 4.851053E+37
9.090687E+13 4.402142E+32 2.062823E+19 5.380892E+37
1.008871E+14 5.378607E+32 2.164158E+19 5.968132E+37
1.119751E+14 6.408192E+32 2.260371E+19 6.619840E+37
1.242933E+14 7.939053E+32 2.389211E+19 7.342937E+37
1.379761E+14 9.918405E+32 2.539173E+19 8.144901E+37
1.531892E+14 1.259103E+33 2.721412E+19 9.034900E+37
1.700977E+14 1.616951E+33 2.940929E+19 1.002186E+38
1.889100E+14 2.099411E+33 3.207058E+19 1.111698E+38
2.098464E+14 2.755051E+33 3.532070E+19 1.233173E+38
2.331767E+14 3.647147E+33 3.929179E+19 1.367992E+38
2.591951E+14 4.904418E+33 4.431300E+19 1.517589E+38
2.882634E+14 6.736234E+33 5.086779E+19 1.683638E+38
3.207802E+14 9.356127E+33 5.924961E+19 1.867836E+38
3.572366E+14 1.305673E+34 6.980949E+19 2.072173E+38
3.982095E+14 1.825544E+34 8.300469E+19 2.298793E+38
4.443868E+14 2.550566E+34 9.932000E+19 2.550024E+38
4.965797E+14 3.548512E+34 1.191568E+20 2.828316E+38
5.557652E+14 4.863954E+34 1.421672E+20 3.136469E+38
6.231055E+14 6.508103E+34 1.674029E+20 3.477824E+38
6.999535E+14 8.552397E+34 1.948741E+20 3.856140E+38
7.879142E+14 1.108404E+35 2.245890E+20 4.275617E+38
8.888958E+14 1.419127E+35 2.563694E+20 4.741004E+38
1.004990E+15 1.799289E+35 2.901755E+20 5.256874E+38
1.138905E+15 2.261878E+35 3.258635E+20 5.829368E+38
1.293596E+15 2.822935E+35 3.633380E+20 6.464298E+38
1.472696E+15 3.500888E+35 4.024668E+20 7.168738E+38
1.680331E+15 4.315774E+35 4.430371E+20 7.949982E+38
1.919514E+15 5.291462E+35 4.848926E+20 8.809578E+38
2.192021E+15 6.456482E+35 5.279541E+20 9.743737E+38
2.497774E+15 7.847468E+35 5.723055E+20 1.074211E+39
2.822858E+15 9.260656E+35 6.114769E+20 1.175544E+39
3.160337E+15 1.061501E+36 6.445656E+20 1.276599E+39
3.503518E+15 1.182671E+36 6.710427E+20 1.376015E+39
3.967019E+15 1.370049E+36 7.074342E+20 1.505660E+39
4.491839E+15 1.575073E+36 7.424185E+20 1.646740E+39
5.086091E+15 1.810778E+36 7.777876E+20 1.800352E+39
5.758959E+15 2.081756E+36 8.135440E+20 1.967539E+39
6.520845E+15 2.393286E+36 8.496903E+20 2.149419E+39
7.383526E+15 2.751434E+36 8.862291E+20 2.347199E+39
8.360335E+15 3.163179E+36 9.231628E+20 2.562175E+39
9.466372E+15 3.636540E+36 9.604939E+20 2.795739E+39
1.071873E+16 4.180739E+36 9.982248E+20 3.049385E+39
1.213678E+16 4.806375E+36 1.036358E+21 3.324718E+39
1.374242E+16 5.525637E+36 1.074896E+21 3.623456E+39
1.556049E+16 6.352533E+36 1.113841E+21 3.947444E+39
1.761907E+16 7.303173E+36 1.153195E+21 4.298656E+39
1.995000E+16 8.396074E+36 1.192961E+21 4.679206E+39
2.258930E+16 9.652524E+36 1.233141E+21 5.091355E+39
2.557777E+16 1.109700E+37 1.273738E+21 5.537520E+39
2.896161E+16 1.275763E+37 1.314753E+21 6.020286E+39
