189
4.968527E+07 8.141651E+24 1.000000E+00 2.993634E+31
5.510747E+07 8.803840E+24 1.265054E+16 3.320271E+31
6.112312E+07 9.707481E+24 2.821164E+16 3.682651E+31
6.779765E+07 1.091530E+25 4.696048E+16 4.084714E+31
7.520022E+07 1.251610E+25 6.936119E+16 4.530623E+31
8.341033E+07 1.435280E+25 9.253290E+16 5.025163E+31
9.251364E+07 1.645815E+25 1.164797E+17 5.573491E+31
1.026203E+08 1.887156E+25 1.412280E+17 6.182240E+31
1.138220E+08 2.164021E+25 1.668238E+17 6.856926E+31
1.262535E+08 2.481849E+25 1.933140E+17 7.605661E+31
1.400370E+08 2.846303E+25 2.206997E+17 8.435799E+31
1.553316E+08 3.263987E+25 2.489953E+17 9.356920E+31
1.722964E+08 3.742617E+25 2.782267E+17 1.037859E+32
1.911087E+08 4.290963E+25 3.084186E+17 1.151150E+32
2.119767E+08 4.919737E+25 3.396306E+17 1.276815E+32
2.351266E+08 5.639986E+25 3.718631E+17 1.416217E+32
2.608031E+08 6.465363E+25 4.051635E+17 1.570828E+32
2.892879E+08 7.410079E+25 4.395256E+17 1.742343E+32
3.208805E+08 8.492450E+25 4.750179E+17 1.932563E+32
3.559235E+08 9.733014E+25 5.116922E+17 2.143549E+32
3.947903E+08 1.115342E+26 5.495484E+17 2.377548E+32
4.379089E+08 1.277919E+26 5.886117E+17 2.637135E+32
4.857322E+08 1.463921E+26 6.289024E+17 2.925032E+32
5.387802E+08 1.676898E+26 6.704938E+17 3.244367E+32
5.976219E+08 1.920848E+26 7.134426E+17 3.598561E+32
6.628685E+08 2.199933E+26 7.577397E+17 3.991292E+32
7.353047E+08 2.518983E+26 8.033928E+17 4.427276E+32
8.155705E+08 2.884436E+26 8.505363E+17 4.910360E+32
9.046471E+08 3.302675E+26 8.991775E+17 5.446443E+32
1.003513E+09 3.781527E+26 9.493821E+17 6.041406E+32
1.113084E+09 4.329207E+26 1.001148E+18 6.700757E+32
1.234646E+09 4.955261E+26 1.054494E+18 7.432221E+32
1.369546E+09 5.670514E+26 1.109439E+18 8.243892E+32
1.519128E+09 6.488676E+26 1.166099E+18 9.143851E+32
1.685046E+09 7.425066E+26 1.224560E+18 1.014203E+33
1.869134E+09 8.494670E+26 1.284761E+18 1.124944E+33
2.073288E+09 9.716917E+26 1.346778E+18 1.247749E+33
2.299772E+09 1.111456E+27 1.410711E+18 1.383976E+33
2.550974E+09 1.271259E+27 1.476609E+18 1.535059E+33
2.829645E+09 1.453985E+27 1.544539E+18 1.702652E+33
3.138722E+09 1.662689E+27 1.614485E+18 1.888515E+33
3.481632E+09 1.900977E+27 1.686479E+18 2.094709E+33
3.861984E+09 2.172957E+27 1.760559E+18 2.323397E+33
4.283877E+09 2.483570E+27 1.836827E+18 2.577041E+33
4.751900E+09 2.838588E+27 1.915412E+18 2.858394E+33
5.271069E+09 3.244671E+27 1.996446E+18 3.170467E+33
5.846951E+09 3.708092E+27 2.079811E+18 3.516598E+33
6.485605E+09 4.236733E+27 2.165542E+18 3.900421E+33
7.194678E+09 4.840197E+27 2.253764E+18 4.326525E+33
7.980224E+09 5.529362E+27 2.344589E+18 4.798536E+33
8.852648E+09 6.315497E+27 2.437987E+18 5.322695E+33
9.819903E+09 7.212477E+27 2.534053E+18 5.903769E+33
1.089300E+10 8.236011E+27 2.632873E+18 6.548354E+33
1.208294E+10 9.403862E+27 2.734517E+18 7.263053E+33
1.340321E+10 1.073657E+28 2.839083E+18 8.055929E+33
1.486785E+10 1.225577E+28 2.946537E+18 8.935410E+33
1.649280E+10 1.398590E+28 3.056851E+18 9.911028E+33
1.829517E+10 1.595804E+28 3.170204E+18 1.099304E+34
2.029454E+10 1.820770E+28 3.286767E+18 1.219316E+34
2.251295E+10 2.077098E+28 3.406491E+18 1.352458E+34
2.497362E+10 2.368894E+28 3.529348E+18 1.500120E+34
2.770288E+10 2.700766E+28 3.655308E+18 1.663878E+34
3.073071E+10 3.078263E+28 3.784465E+18 1.845523E+34
3.409014E+10 3.507715E+28 3.916915E+18 2.047033E+34
3.781605E+10 3.996170E+28 4.052715E+18 2.270492E+34
4.195004E+10 4.550843E+28 4.191725E+18 2.518388E+34
4.653555E+10 5.180173E+28 4.333900E+18 2.793316E+34
5.162275E+10 5.893649E+28 4.479197E+18 3.098275E+34
5.726671E+10 6.704040E+28 4.627961E+18 3.436554E+34
6.352983E+10 7.623778E+28 4.780151E+18 3.811880E+34
7.047391E+10 8.666740E+28 4.935716E+18 4.227943E+34
7.817666E+10 9.843471E+28 5.093936E+18 4.689381E+34
8.672371E+10 1.117229E+29 5.254994E+18 5.201307E+34
9.620685E+10 1.267706E+29 5.419396E+18 5.769197E+34
1.067301E+11 1.437944E+29 5.587047E+18 6.399258E+34
1.183975E+11 1.629163E+29 5.756793E+18 7.097688E+34
1.313436E+11 1.845193E+29 5.929659E+18 7.872518E+34
1.457091E+11 2.088588E+29 6.105218E+18 8.732139E+34
1.616471E+11 2.361012E+29 6.282338E+18 9.685662E+34
1.793226E+11 2.668128E+29 6.462323E+18 1.074293E+35
1.989377E+11 3.009713E+29 6.642771E+18 1.191598E+35
2.206942E+11 3.391596E+29 6.824613E+18 1.321682E+35
2.448308E+11 3.814387E+29 7.006085E+18 1.465968E+35
2.716105E+11 4.280306E+29 7.186351E+18 1.626023E+35
3.013147E+11 4.784247E+29 7.362108E+18 1.803522E+35
3.342740E+11 5.325099E+29 7.532145E+18 2.000432E+35
3.708370E+11 5.887544E+29 7.691544E+18 2.218834E+35
4.114015E+11 6.441496E+29 7.833075E+18 2.461096E+35
4.563957E+11 6.926065E+29 7.944701E+18 2.729776E+35
5.063090E+11 7.296291E+29 8.021609E+18 3.027800E+35
5.616738E+11 7.559391E+29 8.070895E+18 3.358349E+35
6.230837E+11 7.762543E+29 8.105211E+18 3.724974E+35
6.911804E+11 8.072823E+29 8.152449E+18 4.131501E+35
7.667419E+11 8.308169E+29 8.184759E+18 4.582572E+35
8.505636E+11 8.817161E+29 8.247719E+18 5.082926E+35
9.435625E+11 9.500998E+29 8.323956E+18 5.638019E+35
1.046656E+12 9.802952E+29 8.354326E+18 6.253330E+35
1.161070E+12 1.044738E+30 8.412726E+18 6.936168E+35
1.287965E+12 1.149978E+30 8.498668E+18 7.693436E+35
1.428749E+12 1.268150E+30 8.585661E+18 8.533508E+35
1.584889E+12 1.384824E+30 8.663097E+18 9.465132E+35
1.758100E+12 1.553896E+30 8.764230E+18 1.049850E+36
1.950218E+12 1.753164E+30 8.871677E+18 1.164454E+36
2.163383E+12 1.987122E+30 8.985396E+18 1.291597E+36
2.399859E+12 2.243894E+30 9.097906E+18 1.432626E+36
2.662155E+12 2.507215E+30 9.201923E+18 1.589035E+36
2.953085E+12 2.811501E+30 9.310275E+18 1.762499E+36
3.275894E+12 3.161190E+30 9.422523E+18 1.954945E+36
3.633944E+12 3.568439E+30 9.540361E+18 2.168374E+36
4.031153E+12 4.089753E+30 9.676328E+18 2.405112E+36
4.471803E+12 4.708758E+30 9.821859E+18 2.667700E+36
4.960606E+12 5.440053E+30 9.976840E+18 2.958934E+36
5.502886E+12 6.344915E+30 1.014970E+19 3.281970E+36
6.104516E+12 7.266318E+30 1.030836E+19 3.640296E+36
6.771858E+12 8.227130E+30 1.045751E+19 4.037691E+36
7.512196E+12 9.336144E+30 1.061269E+19 4.478480E+36
8.333912E+12 1.061223E+31 1.077365E+19 4.967635E+36
9.244960E+12 1.143317E+31 1.086703E+19 5.509890E+36
1.025574E+13 1.325322E+31 1.105356E+19 6.111411E+36
1.137727E+13 1.541463E+31 1.125323E+19 6.778697E+36
1.262117E+13 1.796514E+31 1.146560E+19 7.518622E+36
1.400151E+13 2.093972E+31 1.168885E+19 8.339511E+36
1.553300E+13 2.441108E+31 1.192368E+19 9.250049E+36
1.723213E+13 2.846969E+31 1.217114E+19 1.025999E+37
1.911727E+13 3.322102E+31 1.243225E+19 1.138018E+37
2.120862E+13 3.878441E+31 1.270781E+19 1.262253E+37
2.352880E+13 4.530694E+31 1.299899E+19 1.400038E+37
2.610415E+13 5.297180E+31 1.330738E+19 1.552925E+37
2.896097E+13 6.201709E+31 1.363537E+19 1.722462E+37
3.213107E+13 7.275199E+31 1.398618E+19 1.910519E+37
3.564811E+13 8.554617E+31 1.436298E+19 2.119073E+37
3.955188E+13 1.008881E+32 1.477017E+19 2.350458E+37
4.388336E+13 1.193994E+32 1.521290E+19 2.607074E+37
4.869030E+13 1.419405E+32 1.569870E+19 2.891710E+37
5.402470E+13 1.695826E+32 1.623551E+19 3.207399E+37
5.994594E+13 2.036467E+32 1.683155E+19 3.557597E+37
6.651641E+13 2.457926E+32 1.749597E+19 3.945919E+37
7.381019E+13 2.979684E+32 1.823699E+19 4.376652E+37
8.191182E+13 3.615175E+32 1.905000E+19 4.854679E+37
9.090687E+13 4.402142E+32 1.995680E+19 5.384913E+37
1.008871E+14 5.378607E+32 2.097015E+19 5.972593E+37
1.119751E+14 6.408192E+32 2.193229E+19 6.624788E+37
1.242933E+14 7.939053E+32 2.322069E+19 7.348425E+37
1.379761E+14 9.918405E+32 2.472030E+19 8.150989E+37
1.531892E+14 1.259103E+33 2.654270E+19 9.041652E+37
1.700977E+14 1.616951E+33 2.873786E+19 1.002935E+38
1.889100E+14 2.099411E+33 3.139915E+19 1.112529E+38
2.098464E+14 2.755051E+33 3.464928E+19 1.234094E+38
2.331767E+14 3.647147E+33 3.862037E+19 1.369014E+38
2.591951E+14 4.904418E+33 4.364157E+19 1.518723E+38
2.882634E+14 6.736234E+33 5.019637E+19 1.684896E+38
3.207802E+14 9.356127E+33 5.857818E+19 1.869232E+38
3.572366E+14 1.305673E+34 6.913806E+19 2.073721E+38
3.982095E+14 1.825544E+34 8.233327E+19 2.300511E+38
4.443868E+14 2.550566E+34 9.864857E+19 2.551930E+38
4.965797E+14 3.548512E+34 1.184854E+20 2.830430E+38
5.557652E+14 4.863954E+34 1.414958E+20 3.138813E+38
6.231055E+14 6.508103E+34 1.667314E+20 3.480423E+38
6.999535E+14 8.552397E+34 1.942026E+20 3.859022E+38
7.879142E+14 1.108404E+35 2.239176E+20 4.278813E+38
8.888958E+14 1.419127E+35 2.556980E+20 4.744547E+38
1.004990E+15 1.799289E+35 2.895041E+20 5.260803E+38
1.138905E+15 2.261878E+35 3.251920E+20 5.833725E+38
1.293596E+15 2.822935E+35 3.626666E+20 6.469129E+38
1.472696E+15 3.500888E+35 4.017954E+20 7.174096E+38
1.680331E+15 4.315774E+35 4.423656E+20 7.955923E+38
1.919514E+15 5.291462E+35 4.842212E+20 8.816162E+38
2.192021E+15 6.456482E+35 5.272827E+20 9.751020E+38
2.497774E+15 7.847468E+35 5.716341E+20 1.075014E+39
2.822858E+15 9.260656E+35 6.108055E+20 1.176423E+39
3.160337E+15 1.061501E+36 6.438942E+20 1.277553E+39
3.503518E+15 1.182671E+36 6.703713E+20 1.377044E+39
3.967019E+15 1.370049E+36 7.067628E+20 1.506785E+39
4.491839E+15 1.575073E+36 7.417471E+20 1.647971E+39
5.086091E+15 1.810778E+36 7.771161E+20 1.801698E+39
5.758959E+15 2.081756E+36 8.128726E+20 1.969009E+39
6.520845E+15 2.393286E+36 8.490189E+20 2.151025E+39
7.383526E+15 2.751434E+36 8.855577E+20 2.348954E+39
8.360335E+15 3.163179E+36 9.224913E+20 2.564090E+39
9.466372E+15 3.636540E+36 9.598224E+20 2.797829E+39
1.071873E+16 4.180739E+36 9.975534E+20 3.051664E+39
1.213678E+16 4.806375E+36 1.035687E+21 3.327202E+39
1.374242E+16 5.525637E+36 1.074224E+21 3.626164E+39
1.556049E+16 6.352533E+36 1.113169E+21 3.950394E+39
1.761907E+16 7.303173E+36 1.152524E+21 4.301868E+39
1.995000E+16 8.396074E+36 1.192290E+21 4.682703E+39
2.258930E+16 9.652524E+36 1.232470E+21 5.095160E+39
2.557777E+16 1.109700E+37 1.273066E+21 5.541659E+39
2.896161E+16 1.275763E+37 1.314081E+21 6.024786E+39
