112
1.258978E-04 2.819271E+12 1.000000E+00 7.584391E+19
1.258978E+06 2.819271E+22 5.156129E+17 7.580041E+29
1.584947E+06 4.060335E+22 5.243696E+17 9.542576E+29
1.995404E+06 5.847579E+22 5.343863E+17 1.201375E+30
2.512026E+06 8.421957E+22 5.458469E+17 1.512406E+30
3.162483E+06 1.212922E+23 5.589563E+17 1.904007E+30
3.981420E+06 1.746891E+23 5.739546E+17 2.397032E+30
5.012380E+06 2.515874E+23 5.911111E+17 3.017689E+30
6.310019E+06 3.623390E+23 6.107385E+17 3.798877E+30
7.944189E+06 5.218416E+23 6.331915E+17 4.782635E+30
1.000141E+07 7.515541E+23 6.588760E+17 6.021036E+30
1.259101E+07 1.082427E+24 6.882617E+17 7.579865E+30
1.585194E+07 1.558892E+24 7.218734E+17 9.542738E+30
1.995713E+07 2.245115E+24 7.603238E+17 1.201370E+31
2.512520E+07 3.205872E+24 8.030818E+17 1.512429E+31
3.163162E+07 4.312000E+24 8.421906E+17 1.904023E+31
3.982347E+07 5.799844E+24 8.839744E+17 2.397034E+31
5.013615E+07 7.800843E+24 9.286096E+17 3.017653E+31
6.311872E+07 1.049234E+25 9.762977E+17 3.798907E+31
7.946659E+07 1.411245E+25 1.027244E+18 4.782620E+31
1.000512E+08 1.898201E+25 1.081675E+18 6.021202E+31
1.259595E+08 2.553119E+25 1.139821E+18 7.580015E+31
1.585812E+08 3.434058E+25 1.201943E+18 9.542613E+31
1.996577E+08 4.618949E+25 1.268310E+18 1.201370E+32
2.513694E+08 6.212810E+25 1.339216E+18 1.512434E+32
3.164706E+08 8.355905E+25 1.414942E+18 1.904009E+32
3.984446E+08 1.123945E+26 1.495869E+18 2.397029E+32
5.016456E+08 1.511712E+26 1.582305E+18 3.017657E+32
6.315578E+08 2.033303E+26 1.674652E+18 3.798843E+32
7.951600E+08 2.734902E+26 1.773312E+18 4.782508E+32
1.001191E+09 3.678508E+26 1.878697E+18 6.021139E+32
1.260522E+09 4.947713E+26 1.991278E+18 7.580007E+32
1.587047E+09 6.654639E+26 2.111531E+18 9.542537E+32
1.998245E+09 8.950931E+26 2.240014E+18 1.201364E+33
2.515917E+09 1.203930E+27 2.377254E+18 1.512414E+33
3.167732E+09 1.619338E+27 2.523863E+18 1.904003E+33
3.988523E+09 2.178064E+27 2.680470E+18 2.397025E+33
5.021953E+09 2.929562E+27 2.847756E+18 3.017659E+33
6.322989E+09 3.940386E+27 3.026460E+18 3.798857E+33
7.962099E+09 5.299899E+27 3.217333E+18 4.782845E+33
1.002488E+10 7.128663E+27 3.421234E+18 6.020901E+33
1.262313E+10 9.588143E+27 3.639011E+18 7.579966E+33
1.589517E+10 1.289631E+28 3.871627E+18 9.542851E+33
2.001456E+10 1.734625E+28 4.120106E+18 1.201339E+34
2.520302E+10 2.333093E+28 4.385478E+18 1.512420E+34
3.173661E+10 3.138099E+28 4.668928E+18 1.904030E+34
3.996428E+10 4.220859E+28 4.971667E+18 2.397019E+34
5.032637E+10 5.677175E+28 5.294993E+18 3.017683E+34
6.337811E+10 7.635989E+28 5.640302E+18 3.799159E+34
7.981245E+10 1.027087E+29 6.009110E+18 4.782778E+34
1.005082E+11 1.381439E+29 6.402934E+18 6.020924E+34
1.265833E+11 1.858070E+29 6.823518E+18 7.580184E+34
1.594149E+11 2.499167E+29 7.272660E+18 9.542527E+34
2.007756E+11 3.361456E+29 7.752278E+18 1.201337E+35
2.528763E+11 4.521314E+29 8.264436E+18 1.512410E+35
3.185025E+11 6.081260E+29 8.811265E+18 1.904007E+35
4.011744E+11 7.906305E+29 9.319333E+18 2.397028E+35
5.052956E+11 9.124666E+29 9.589397E+18 3.017695E+35
6.364368E+11 1.053008E+30 9.836776E+18 3.799204E+35
8.015213E+11 1.215197E+30 1.006348E+19 4.782732E+35
1.009405E+12 1.402420E+30 1.027131E+19 6.020950E+35
1.271206E+12 1.618450E+30 1.046176E+19 7.579966E+35
1.600881E+12 1.867784E+30 1.063632E+19 9.542774E+35
2.015970E+12 2.155473E+30 1.079627E+19 1.201366E+36
2.538583E+12 2.487511E+30 1.094290E+19 1.512407E+36
3.196759E+12 3.288965E+30 1.122309E+19 1.904037E+36
4.025579E+12 4.495226E+30 1.155787E+19 2.397035E+36
5.069384E+12 6.143982E+30 1.192119E+19 3.017670E+36
6.384131E+12 8.396979E+30 1.231540E+19 3.799074E+36
8.039917E+12 1.147702E+31 1.274327E+19 4.782719E+36
1.012555E+13 1.568605E+31 1.320749E+19 6.021107E+36
1.275220E+13 2.143927E+31 1.371125E+19 7.579895E+36
1.606131E+13 2.930228E+31 1.425784E+19 9.542534E+36
2.023011E+13 4.004940E+31 1.485087E+19 1.201349E+37
2.548156E+13 5.473745E+31 1.549423E+19 1.512403E+37
3.209791E+13 7.481127E+31 1.619213E+19 1.904009E+37
4.043427E+13 1.022535E+32 1.694936E+19 2.397019E+37
5.093780E+13 1.397535E+32 1.777057E+19 3.017648E+37
6.417482E+13 1.910080E+32 1.866129E+19 3.799048E+37
8.085619E+13 2.610624E+32 1.962733E+19 4.782755E+37
1.018793E+14 3.568106E+32 2.067494E+19 6.021106E+37
1.283743E+14 4.876720E+32 2.181089E+19 7.579881E+37
1.617803E+14 6.665186E+32 2.304246E+19 9.542654E+37
2.038945E+14 9.727463E+32 2.471473E+19 1.201307E+38
2.571439E+14 2.483126E+33 3.141515E+19 1.511921E+38
3.248885E+14 6.338809E+33 4.484018E+19 1.902328E+38
4.119824E+14 1.618117E+34 7.142169E+19 2.392402E+38
5.262446E+14 4.130495E+34 1.228786E+20 3.006521E+38
6.782483E+14 7.196380E+34 1.692597E+20 3.784024E+38
8.812534E+14 1.253719E+35 2.296908E+20 4.762326E+38
1.157259E+15 2.184225E+35 3.070802E+20 5.994060E+38
1.535107E+15 3.375222E+35 3.794618E+20 7.545863E+38
2.053335E+15 5.215530E+35 4.609898E+20 9.499218E+38
2.771727E+15 8.059502E+35 5.518902E+20 1.195889E+39
3.777921E+15 1.245393E+36 6.521744E+20 1.505565E+39
5.201921E+15 1.924400E+36 7.616731E+20 1.895456E+39
7.237654E+15 2.973745E+36 8.800571E+20 2.386338E+39
1.017620E+16 4.595137E+36 1.006806E+21 3.004403E+39
1.445616E+16 7.100909E+36 1.141326E+21 3.782595E+39
2.074086E+16 1.097247E+37 1.282890E+21 4.762296E+39
3.003883E+16 1.695493E+37 1.430783E+21 5.995774E+39
4.208429E+16 2.556386E+37 1.576382E+21 7.353733E+39
5.895995E+16 3.825336E+37 1.725361E+21 8.968479E+39
8.260268E+16 5.724172E+37 1.880147E+21 1.087883E+40
1.157261E+17 8.565560E+37 2.040797E+21 1.312427E+40
1.621318E+17 1.281737E+38 2.207354E+21 1.574637E+40
2.271461E+17 1.866047E+38 2.366947E+21 1.880992E+40
3.888777E+17 3.319594E+38 2.616652E+21 2.484643E+40
6.657647E+17 5.808090E+38 2.862929E+21 3.268804E+40
1.139800E+18 1.006843E+39 3.107246E+21 4.290573E+40
1.951355E+18 1.736221E+39 3.350431E+21 5.624276E+40
3.340750E+18 2.984926E+39 3.592960E+21 7.366903E+40
