320
1.677925E+03 5.097191E+21 1.000000E+00 1.014215E+27
1.837978E+03 5.098467E+21 7.253643E+14 1.110632E+27
2.013450E+03 5.099966E+21 1.502917E+15 1.216338E+27
2.205807E+03 5.101798E+21 2.370634E+15 1.332215E+27
2.416764E+03 5.103907E+21 3.282861E+15 1.459298E+27
2.648095E+03 5.106405E+21 4.269008E+15 1.598653E+27
2.901758E+03 5.109347E+21 5.329180E+15 1.751461E+27
3.179893E+03 5.112843E+21 6.479393E+15 1.919012E+27
3.484827E+03 5.117006E+21 7.729102E+15 2.102705E+27
3.819189E+03 5.121891E+21 9.067282E+15 2.304126E+27
4.185794E+03 5.127664E+21 1.051047E+16 2.524970E+27
4.587825E+03 5.134491E+21 1.206798E+16 2.767154E+27
5.028645E+03 5.142539E+21 1.374333E+16 3.032705E+27
5.511925E+03 5.151975E+21 1.553549E+16 3.323833E+27
6.041950E+03 5.163132E+21 1.746880E+16 3.643119E+27
6.623185E+03 5.176176E+21 1.953097E+16 3.993253E+27
7.260092E+03 5.191440E+21 2.173256E+16 4.376923E+27
7.958800E+03 5.209258E+21 2.407703E+16 4.797821E+27
8.724803E+03 5.229962E+21 2.656225E+16 5.259256E+27
9.564838E+03 5.253940E+21 2.918794E+16 5.765285E+27
1.048625E+04 5.281693E+21 3.196008E+16 6.320334E+27
1.149576E+04 5.313609E+21 3.486810E+16 6.928449E+27
1.260316E+04 5.350133E+21 3.790364E+16 7.595533E+27
1.381764E+04 5.391929E+21 4.107223E+16 8.327114E+27
1.514897E+04 5.439387E+21 4.435388E+16 9.129083E+27
1.660879E+04 5.493228E+21 4.774975E+16 1.000845E+28
1.820932E+04 5.553951E+21 5.124311E+16 1.097257E+28
1.996466E+04 5.622224E+21 5.482547E+16 1.202994E+28
2.188884E+04 5.699378E+21 5.851791E+16 1.318901E+28
2.399903E+04 5.784857E+21 6.224914E+16 1.446013E+28
2.631296E+04 5.880883E+21 6.607209E+16 1.585396E+28
2.884959E+04 5.987455E+21 6.994177E+16 1.738193E+28
3.163156E+04 6.105683E+21 7.385714E+16 1.905769E+28
3.468213E+04 6.236678E+21 7.781367E+16 2.089522E+28
3.802638E+04 6.382104E+21 8.181968E+16 2.290965E+28
4.169366E+04 6.542517E+21 8.584980E+16 2.511865E+28
4.571458E+04 6.720137E+21 8.991961E+16 2.754065E+28
5.012340E+04 6.915519E+21 9.400253E+16 3.019630E+28
5.495744E+04 7.131438E+21 9.811762E+16 3.310806E+28
6.025831E+04 7.369004E+21 1.022469E+17 3.630099E+28
6.607127E+04 7.630439E+21 1.063912E+17 3.980237E+28
7.244034E+04 7.918516E+21 1.105560E+17 4.363870E+28
7.943360E+04 8.235456E+21 1.147348E+17 4.785098E+28
8.709363E+04 8.584590E+21 1.189330E+17 5.246486E+28
9.549398E+04 8.968138E+21 1.231391E+17 5.752462E+28
1.047019E+05 9.389985E+21 1.273582E+17 6.307081E+28
1.148032E+05 9.854017E+21 1.315909E+17 6.915503E+28
1.258772E+05 1.036467E+22 1.358389E+17 7.582515E+28
1.380220E+05 1.092640E+22 1.401005E+17 8.314015E+28
1.513353E+05 1.154418E+22 1.443749E+17 9.115896E+28
1.659397E+05 1.222413E+22 1.486653E+17 9.995533E+28
1.819450E+05 1.297291E+22 1.529742E+17 1.095955E+29
1.994984E+05 1.379718E+22 1.573001E+17 1.201680E+29
2.187402E+05 1.470471E+22 1.616439E+17 1.317574E+29
2.398483E+05 1.570493E+22 1.660099E+17 1.444708E+29
2.629814E+05 1.680728E+22 1.703983E+17 1.584038E+29
2.883539E+05 1.802287E+22 1.748117E+17 1.736854E+29
3.161736E+05 1.936445E+22 1.792538E+17 1.904410E+29
3.466731E+05 2.084480E+22 1.837241E+17 2.088105E+29
3.801217E+05 2.248001E+22 1.882274E+17 2.289561E+29
4.167946E+05 2.428730E+22 1.927666E+17 2.510435E+29
4.570038E+05 2.628608E+22 1.973450E+17 2.752607E+29
5.010920E+05 2.849800E+22 2.019658E+17 3.018139E+29
5.494385E+05 3.094804E+22 2.066335E+17 3.309317E+29
6.024410E+05 3.366341E+22 2.113516E+17 3.628535E+29
6.605892E+05 3.667517E+22 2.161240E+17 3.978742E+29
7.242799E+05 4.001942E+22 2.209570E+17 4.362327E+29
7.941507E+05 4.373501E+22 2.258543E+17 4.783131E+29
8.708128E+05 4.786856E+22 2.308229E+17 5.244834E+29
9.548163E+05 5.247002E+22 2.358671E+17 5.750748E+29
1.046896E+06 5.759879E+22 2.409948E+17 6.305296E+29
1.147908E+06 6.332148E+22 2.462128E+17 6.913641E+29
1.258649E+06 6.970470E+22 2.515209E+17 7.580567E+29
1.380097E+06 7.684835E+22 2.569386E+17 8.311973E+29
1.513230E+06 8.484124E+22 2.624670E+17 9.113749E+29
1.659273E+06 9.378884E+22 2.681110E+17 9.993270E+29
1.819327E+06 1.038244E+23 2.738842E+17 1.095716E+30
1.994860E+06 1.150866E+23 2.797930E+17 1.201426E+30
2.187340E+06 1.277420E+23 2.858484E+17 1.317342E+30
2.398359E+06 1.419738E+23 2.920589E+17 1.444421E+30
2.629752E+06 1.579929E+23 2.984342E+17 1.583768E+30
2.883477E+06 1.760324E+23 3.049818E+17 1.736563E+30
3.161674E+06 1.963754E+23 3.117157E+17 1.904094E+30
3.466731E+06 2.193272E+23 3.186446E+17 2.087799E+30
3.801217E+06 2.452431E+23 3.257798E+17 2.289224E+30
4.167946E+06 2.745226E+23 3.331318E+17 2.510064E+30
4.570100E+06 3.076210E+23 3.407113E+17 2.752235E+30
5.011043E+06 3.450599E+23 3.485304E+17 3.017761E+30
5.494509E+06 3.874278E+23 3.566002E+17 3.308892E+30
6.024595E+06 4.353852E+23 3.649308E+17 3.628093E+30
6.605892E+06 4.896980E+23 3.735352E+17 3.978127E+30
7.243416E+06 5.512211E+23 3.824241E+17 4.362017E+30
7.942124E+06 6.209480E+23 3.916118E+17 4.782744E+30
8.708128E+06 6.999333E+23 4.011039E+17 5.243989E+30
9.548780E+06 7.894648E+23 4.109164E+17 5.750177E+30
1.047019E+07 8.909857E+23 4.210635E+17 6.304988E+30
1.148032E+07 1.006050E+24 4.315523E+17 6.913209E+30
1.258772E+07 1.136545E+24 4.424011E+17 7.579996E+30
1.380220E+07 1.284469E+24 4.536168E+17 8.311244E+30
1.513415E+07 1.451987E+24 4.652003E+17 9.113214E+30
1.659459E+07 1.641929E+24 4.771784E+17 9.992533E+30
1.819512E+07 1.857182E+24 4.895584E+17 1.095619E+31
1.995107E+07 2.101132E+24 5.023542E+17 1.201341E+31
2.187588E+07 2.377608E+24 5.155798E+17 1.317227E+31
2.398668E+07 2.690886E+24 5.292472E+17 1.444310E+31
2.630123E+07 3.045848E+24 5.433703E+17 1.583658E+31
2.883909E+07 3.447935E+24 5.579605E+17 1.736447E+31
3.162168E+07 3.903363E+24 5.730320E+17 1.903968E+31
3.467287E+07 4.419182E+24 5.885997E+17 2.087655E+31
3.801835E+07 5.003330E+24 6.046782E+17 2.289057E+31
4.168687E+07 5.664964E+24 6.212869E+17 2.509901E+31
4.570964E+07 6.413187E+24 6.384161E+17 2.752067E+31
5.012031E+07 7.260767E+24 6.561122E+17 3.017579E+31
5.495620E+07 8.220470E+24 6.743859E+17 3.308682E+31
6.025954E+07 9.305616E+24 6.932298E+17 3.627917E+31
6.607127E+07 1.053397E+25 7.126836E+17 3.977747E+31
7.245269E+07 1.192329E+25 7.327499E+17 4.361861E+31
7.943977E+07 1.349522E+25 7.534554E+17 4.782422E+31
8.710599E+07 1.527309E+25 7.748129E+17 5.243850E+31
9.551251E+07 1.728352E+25 7.968384E+17 5.749824E+31
1.047266E+08 1.955706E+25 8.195544E+17 6.304393E+31
1.148341E+08 2.212700E+25 8.429721E+17 6.912711E+31
1.259143E+08 2.503275E+25 8.671194E+17 7.579560E+31
1.380652E+08 2.831705E+25 8.920105E+17 8.310829E+31
1.513909E+08 3.202875E+25 9.176646E+17 9.112773E+31
1.660015E+08 3.622335E+25 9.441045E+17 9.992014E+31
1.820191E+08 4.096303E+25 9.713507E+17 1.095591E+32
1.995848E+08 4.631771E+25 9.994230E+17 1.201292E+32
2.188452E+08 5.236622E+25 1.028342E+18 1.317188E+32
2.399656E+08 5.919737E+25 1.058128E+18 1.444272E+32
2.631235E+08 6.691274E+25 1.088808E+18 1.583610E+32
2.885206E+08 7.561056E+25 1.120351E+18 1.736417E+32
3.163651E+08 8.542961E+25 1.152825E+18 1.903942E+32
3.468954E+08 9.650865E+25 1.186241E+18 2.087621E+32
3.803749E+08 1.090086E+26 1.220624E+18 2.289035E+32
4.170787E+08 1.231183E+26 1.256019E+18 2.509837E+32
4.573373E+08 1.390431E+26 1.292451E+18 2.752015E+32
5.014749E+08 1.570049E+26 1.329925E+18 3.017517E+32
5.498708E+08 1.772646E+26 1.368474E+18 3.308621E+32
6.029413E+08 2.001221E+26 1.408136E+18 3.627829E+32
6.611450E+08 2.258992E+26 1.448928E+18 3.977897E+32
7.249592E+08 2.549678E+26 1.490878E+18 4.361692E+32
7.948918E+08 2.877386E+26 1.534008E+18 4.782264E+32
8.716157E+08 3.246947E+26 1.578366E+18 5.243656E+32
9.557427E+08 3.664575E+26 1.624081E+18 5.749543E+32
1.048007E+09 4.125110E+26 1.670054E+18 6.304337E+32
1.149205E+09 4.639931E+26 1.716921E+18 6.912815E+32
1.260131E+09 5.213643E+26 1.764551E+18 7.579749E+32
1.381764E+09 5.850354E+26 1.812757E+18 8.311021E+32
1.515083E+09 6.549733E+26 1.861048E+18 9.112505E+32
1.661373E+09 7.359568E+26 1.912042E+18 9.991925E+32
1.821735E+09 8.274311E+26 1.964570E+18 1.095588E+33
1.997578E+09 9.306726E+26 2.018636E+18 1.201283E+33
2.190428E+09 1.047291E+27 2.074329E+18 1.317194E+33
2.401818E+09 1.178896E+27 2.131647E+18 1.444239E+33
2.633705E+09 1.327320E+27 2.190598E+18 1.583594E+33
2.887924E+09 1.495670E+27 2.251576E+18 1.736360E+33
3.166739E+09 1.685280E+27 2.314207E+18 1.903895E+33
3.472475E+09 1.898923E+27 2.378563E+18 2.087593E+33
3.807702E+09 2.139598E+27 2.444677E+18 2.288996E+33
4.175295E+09 2.410746E+27 2.512603E+18 2.509827E+33
4.578375E+09 2.716196E+27 2.582385E+18 2.751959E+33
5.020431E+09 3.060168E+27 2.654047E+18 3.017483E+33
5.505132E+09 3.447435E+27 2.727624E+18 3.308598E+33
6.036639E+09 3.884103E+27 2.803280E+18 3.627799E+33
6.619479E+09 4.373112E+27 2.880544E+18 3.977799E+33
7.258856E+09 4.922901E+27 2.959759E+18 4.361717E+33
7.959417E+09 5.540963E+27 3.040969E+18 4.782335E+33
8.727891E+09 6.235568E+27 3.124200E+18 5.243686E+33
9.571014E+09 7.015985E+27 3.209476E+18 5.749804E+33
1.049490E+10 7.892983E+27 3.296865E+18 6.304349E+33
1.150811E+10 8.887654E+27 3.387252E+18 6.912453E+33
1.261984E+10 1.002165E+28 3.481221E+18 7.579614E+33
1.383802E+10 1.129995E+28 3.577818E+18 8.310582E+33
1.517491E+10 1.273923E+28 3.676998E+18 9.112694E+33
1.664029E+10 1.436112E+28 3.778916E+18 9.991796E+33
1.824700E+10 1.618672E+28 3.883529E+18 1.095557E+34
2.000974E+10 1.824323E+28 3.990993E+18 1.201283E+34
2.194196E+10 2.055839E+28 4.101314E+18 1.317158E+34
2.406141E+10 2.316441E+28 4.214555E+18 1.444247E+34
2.638522E+10 2.609735E+28 4.330773E+18 1.583571E+34
2.893420E+10 2.933115E+28 4.447623E+18 1.736376E+34
3.172853E+10 3.274311E+28 4.560052E+18 1.903867E+34
3.479392E+10 3.653474E+28 4.673984E+18 2.087583E+34
3.815484E+10 4.074544E+28 4.789360E+18 2.288985E+34
4.184003E+10 4.541851E+28 4.906125E+18 2.509790E+34
4.588195E+10 5.078596E+28 5.028422E+18 2.751937E+34
5.031424E+10 5.728241E+28 5.163395E+18 3.017432E+34
5.517484E+10 6.459813E+28 5.301996E+18 3.308539E+34
6.050535E+10 7.282970E+28 5.444204E+18 3.627740E+34
6.634919E+10 8.208258E+28 5.589969E+18 3.977624E+34
7.276149E+10 9.249000E+28 5.739472E+18 4.361480E+34
7.979180E+10 1.041741E+29 5.892519E+18 4.782260E+34
8.750125E+10 1.173013E+29 6.049314E+18 5.243609E+34
9.595718E+10 1.320215E+29 6.209637E+18 5.749539E+34
1.052331E+11 1.485291E+29 6.373575E+18 6.304429E+34
1.154023E+11 1.670126E+29 6.540952E+18 6.912645E+34
1.265504E+11 1.818494E+29 6.663492E+18 7.579305E+34
1.387817E+11 2.015042E+29 6.811501E+18 8.310622E+34
1.521938E+11 2.251609E+29 6.973936E+18 9.112409E+34
1.669031E+11 2.519926E+29 7.141928E+18 9.991582E+34
1.830382E+11 2.820548E+29 7.313550E+18 1.095578E+35
2.007274E+11 3.155584E+29 7.487955E+18 1.201266E+35
2.201298E+11 3.529029E+29 7.665216E+18 1.317167E+35
2.414046E+11 3.945048E+29 7.845275E+18 1.444227E+35
2.647416E+11 4.412744E+29 8.029851E+18 1.583575E+35
2.903302E+11 4.936778E+29 8.218426E+18 1.736335E+35
3.183970E+11 5.520648E+29 8.410006E+18 1.903855E+35
3.491805E+11 6.170625E+29 8.604470E+18 2.087551E+35
3.829380E+11 6.833369E+29 8.785278E+18 2.288951E+35
4.199629E+11 7.556060E+29 8.965056E+18 2.509801E+35
4.605612E+11 8.308169E+29 9.135664E+18 2.751918E+35
5.050878E+11 8.828818E+29 9.243397E+18 3.017422E+35
5.539161E+11 9.142428E+29 9.302597E+18 3.308548E+35
6.074559E+11 9.486011E+29 9.361742E+18 3.627745E+35
6.661476E+11 9.864009E+29 9.421080E+18 3.977634E+35
7.305176E+11 1.028031E+30 9.480676E+18 4.361349E+35
8.011296E+11 1.070604E+30 9.536257E+18 4.782245E+35
8.785328E+11 1.111123E+30 9.584501E+18 5.243595E+35
9.634009E+11 1.167795E+30 9.646024E+18 5.749408E+35
1.056469E+12 1.231683E+30 9.709271E+18 6.304051E+35
1.158593E+12 1.302509E+30 9.773210E+18 6.912625E+35
1.270507E+12 1.381494E+30 9.838231E+18 7.579489E+35
1.393190E+12 1.469860E+30 9.904568E+18 8.310469E+35
1.527805E+12 1.568605E+30 9.972166E+18 9.112487E+35
1.675331E+12 1.679396E+30 1.004133E+19 9.991356E+35
1.837175E+12 1.804229E+30 1.011239E+19 1.095545E+36
2.014623E+12 1.943661E+30 1.018478E+19 1.201241E+36
2.209204E+12 2.098967E+30 1.025830E+19 1.317132E+36
2.422569E+12 2.275200E+30 1.033438E+19 1.444202E+36
2.656556E+12 2.469194E+30 1.041075E+19 1.583540E+36
2.913122E+12 2.683170E+30 1.048757E+19 1.736311E+36
3.194469E+12 2.922180E+30 1.056581E+19 1.903824E+36
3.502984E+12 3.196603E+30 1.064774E+19 2.087496E+36
3.841299E+12 3.499667E+30 1.073024E+19 2.288890E+36
4.212289E+12 3.843638E+30 1.081564E+19 2.509715E+36
4.619137E+12 4.221858E+30 1.090126E+19 2.751861E+36
5.065207E+12 4.641651E+30 1.098793E+19 3.017325E+36
5.554416E+12 5.112510E+30 1.107658E+19 3.308433E+36
6.090864E+12 5.629440E+30 1.116532E+19 3.627620E+36
6.679386E+12 6.196713E+30 1.125414E+19 3.977757E+36
7.324322E+12 6.837255E+30 1.134558E+19 4.361418E+36
8.031676E+12 7.538853E+30 1.143693E+19 4.782168E+36
8.807562E+12 8.307614E+30 1.152820E+19 5.243635E+36
9.658096E+12 9.149644E+30 1.161936E+19 5.749448E+36
1.059062E+13 1.010435E+31 1.171362E+19 6.303968E+36
1.161372E+13 1.115564E+31 1.180828E+19 6.912277E+36
1.273533E+13 1.231683E+31 1.190362E+19 7.579090E+36
1.396525E+13 1.360402E+31 1.199999E+19 8.310216E+36
1.531449E+13 1.503996E+31 1.209804E+19 9.112188E+36
1.679345E+13 1.668794E+31 1.220064E+19 9.991167E+36
1.841560E+13 1.859125E+31 1.230870E+19 1.095513E+37
2.019441E+13 2.078708E+31 1.242238E+19 1.201205E+37
2.214515E+13 2.335368E+31 1.254355E+19 1.317099E+37
2.428437E+13 2.639875E+31 1.267464E+19 1.444172E+37
2.663041E+13 3.006549E+31 1.281857E+19 1.583510E+37
2.920286E+13 3.454595E+31 1.297894E+19 1.736268E+37
3.202436E+13 4.009491E+31 1.316005E+19 1.903784E+37
3.511877E+13 4.704429E+31 1.336687E+19 2.087463E+37
3.851243E+13 5.582815E+31 1.360524E+19 2.288855E+37
4.223530E+13 6.700155E+31 1.388172E+19 2.509721E+37
4.631798E+13 8.127774E+31 1.420380E+19 2.751851E+37
5.079597E+13 9.953929E+31 1.457944E+19 3.017324E+37
5.570906E+13 1.229018E+32 1.501755E+19 3.308458E+37
6.109824E+13 1.527309E+32 1.552749E+19 3.627635E+37
6.701002E+13 1.906916E+32 1.611902E+19 3.977549E+37
7.349644E+13 2.247113E+32 1.660196E+19 4.361246E+37
8.061321E+13 2.711256E+32 1.720260E+19 4.781978E+37
8.842147E+13 3.371225E+32 1.798118E+19 5.243233E+37
9.699475E+13 4.187388E+32 1.885847E+19 5.749213E+37
1.064065E+14 5.189831E+32 1.984011E+19 6.304104E+37
1.167301E+14 6.410967E+32 2.092939E+19 6.912052E+37
1.280697E+14 7.862455E+32 2.210864E+19 7.578992E+37
1.405171E+14 9.611455E+32 2.340276E+19 8.310078E+37
1.541948E+14 1.171459E+33 2.481977E+19 9.112214E+37
1.692068E+14 1.422125E+33 2.635745E+19 9.991152E+37
1.857000E+14 1.724966E+33 2.804869E+19 1.095508E+38
2.038216E+14 2.095859E+33 2.993397E+19 1.201207E+38
2.237304E+14 2.556116E+33 3.206297E+19 1.317072E+38
2.456167E+14 3.140652E+33 3.452283E+19 1.444118E+38
2.696947E+14 3.901420E+33 3.743424E+19 1.583470E+38
2.961850E+14 4.912189E+33 4.094997E+19 1.736233E+38
3.253573E+14 6.277752E+33 4.526390E+19 1.903728E+38
3.575120E+14 8.140541E+33 5.060328E+19 2.087352E+38
3.930048E+14 1.069216E+34 5.723071E+19 2.288686E+38
4.322407E+14 1.417851E+34 6.542261E+19 2.509414E+38
4.757047E+14 1.890986E+34 7.546001E+19 2.751448E+38
5.239493E+14 2.527475E+34 8.762329E+19 3.016794E+38
5.776381E+14 3.375555E+34 1.021844E+20 3.307714E+38
6.375454E+14 4.496114E+34 1.194210E+20 3.626627E+38
7.046241E+14 5.966918E+34 1.396258E+20 3.976350E+38
7.799874E+14 7.889098E+34 1.631252E+20 4.359821E+38
8.649894E+14 1.039298E+35 1.902622E+20 4.780320E+38
9.612295E+14 1.364620E+35 2.213873E+20 5.241227E+38
1.070122E+15 1.758492E+35 2.545461E+20 5.744448E+38
1.194564E+15 2.211256E+35 2.880435E+20 6.298634E+38
1.336462E+15 2.781194E+35 3.250179E+20 6.906256E+38
1.498895E+15 3.497280E+35 3.655935E+20 7.572439E+38
1.685623E+15 4.393705E+35 4.097810E+20 8.302980E+38
1.901083E+15 5.513765E+35 4.576175E+20 9.103851E+38
2.150759E+15 6.911633E+35 5.091346E+20 9.981995E+38
2.441373E+15 8.657859E+35 5.644371E+20 1.094513E+39
2.780941E+15 1.084647E+36 6.237418E+20 1.200097E+39
3.179700E+15 1.360235E+36 6.873411E+20 1.315889E+39
3.650296E+15 1.710535E+36 7.558381E+20 1.442855E+39
4.208832E+15 2.163355E+36 8.304041E+20 1.582013E+39
4.877337E+15 2.766429E+36 9.133615E+20 1.734591E+39
5.687226E+15 3.494310E+36 9.965939E+20 1.903100E+39
6.756323E+15 4.455151E+36 1.087117E+21 2.105004E+39
8.026392E+15 5.596613E+36 1.175277E+21 2.322156E+39
9.535212E+15 6.952650E+36 1.261541E+21 2.556262E+39
1.132766E+16 8.563598E+36 1.346272E+21 2.809131E+39
1.345706E+16 1.047738E+37 1.429753E+21 3.082693E+39
1.598675E+16 1.275091E+37 1.512210E+21 3.379016E+39
1.899198E+16 1.545183E+37 1.593825E+21 3.700329E+39
2.256213E+16 1.866047E+37 1.674743E+21 4.049039E+39
2.680341E+16 2.247228E+37 1.755085E+21 4.427750E+39
3.184198E+16 2.700064E+37 1.834948E+21 4.839287E+39
3.782771E+16 3.238026E+37 1.914412E+21 5.286713E+39
4.493864E+16 3.877115E+37 1.993543E+21 5.773356E+39
