341
1.677925E+03 5.097191E+21 1.000000E+00 1.014215E+27
1.837978E+03 5.098467E+21 7.253643E+14 1.110632E+27
2.013450E+03 5.099966E+21 1.502917E+15 1.216338E+27
2.205807E+03 5.101798E+21 2.370634E+15 1.332215E+27
2.416764E+03 5.103907E+21 3.282861E+15 1.459298E+27
2.648095E+03 5.106405E+21 4.269008E+15 1.598653E+27
2.901758E+03 5.109347E+21 5.329180E+15 1.751461E+27
3.179893E+03 5.112843E+21 6.479393E+15 1.919012E+27
3.484827E+03 5.117006E+21 7.729102E+15 2.102705E+27
3.819189E+03 5.121891E+21 9.067282E+15 2.304126E+27
4.185794E+03 5.127664E+21 1.051047E+16 2.524970E+27
4.587825E+03 5.134491E+21 1.206798E+16 2.767154E+27
5.028645E+03 5.142539E+21 1.374333E+16 3.032705E+27
5.511925E+03 5.151975E+21 1.553549E+16 3.323833E+27
6.041950E+03 5.163132E+21 1.746880E+16 3.643119E+27
6.623185E+03 5.176176E+21 1.953097E+16 3.993253E+27
7.260092E+03 5.191440E+21 2.173256E+16 4.376923E+27
7.958800E+03 5.209258E+21 2.407703E+16 4.797821E+27
8.724803E+03 5.229962E+21 2.656225E+16 5.259256E+27
9.564838E+03 5.253940E+21 2.918794E+16 5.765285E+27
1.048625E+04 5.281693E+21 3.196008E+16 6.320334E+27
1.149576E+04 5.313609E+21 3.486810E+16 6.928449E+27
1.260316E+04 5.350133E+21 3.790364E+16 7.595533E+27
1.381764E+04 5.391929E+21 4.107223E+16 8.327114E+27
1.514897E+04 5.439387E+21 4.435388E+16 9.129083E+27
1.660879E+04 5.493228E+21 4.774975E+16 1.000845E+28
1.820932E+04 5.553951E+21 5.124311E+16 1.097257E+28
1.996466E+04 5.622224E+21 5.482547E+16 1.202994E+28
2.188884E+04 5.699378E+21 5.851791E+16 1.318901E+28
2.399903E+04 5.784857E+21 6.224914E+16 1.446013E+28
2.631296E+04 5.880883E+21 6.607209E+16 1.585396E+28
2.884959E+04 5.987455E+21 6.994177E+16 1.738193E+28
3.163156E+04 6.105683E+21 7.385714E+16 1.905769E+28
3.468213E+04 6.236678E+21 7.781367E+16 2.089522E+28
3.802638E+04 6.382104E+21 8.181968E+16 2.290965E+28
4.169366E+04 6.542517E+21 8.584980E+16 2.511865E+28
4.571458E+04 6.720137E+21 8.991961E+16 2.754065E+28
5.012340E+04 6.915519E+21 9.400253E+16 3.019630E+28
5.495744E+04 7.131438E+21 9.811762E+16 3.310806E+28
6.025831E+04 7.369004E+21 1.022469E+17 3.630099E+28
6.607127E+04 7.630439E+21 1.063912E+17 3.980237E+28
7.244034E+04 7.918516E+21 1.105560E+17 4.363870E+28
7.943360E+04 8.235456E+21 1.147348E+17 4.785098E+28
8.709363E+04 8.584590E+21 1.189330E+17 5.246486E+28
9.549398E+04 8.968138E+21 1.231391E+17 5.752462E+28
1.047019E+05 9.389985E+21 1.273582E+17 6.307081E+28
1.148032E+05 9.854017E+21 1.315909E+17 6.915503E+28
1.258772E+05 1.036467E+22 1.358389E+17 7.582515E+28
1.380220E+05 1.092640E+22 1.401005E+17 8.314015E+28
1.513353E+05 1.154418E+22 1.443749E+17 9.115896E+28
1.659397E+05 1.222413E+22 1.486653E+17 9.995533E+28
1.819450E+05 1.297291E+22 1.529742E+17 1.095955E+29
1.994984E+05 1.379718E+22 1.573001E+17 1.201680E+29
2.187402E+05 1.470471E+22 1.616439E+17 1.317574E+29
2.398483E+05 1.570493E+22 1.660099E+17 1.444708E+29
2.629814E+05 1.680728E+22 1.703983E+17 1.584038E+29
2.883539E+05 1.802287E+22 1.748117E+17 1.736854E+29
3.161736E+05 1.936445E+22 1.792538E+17 1.904410E+29
3.466731E+05 2.084480E+22 1.837241E+17 2.088105E+29
3.801217E+05 2.248001E+22 1.882274E+17 2.289561E+29
4.167946E+05 2.428730E+22 1.927666E+17 2.510435E+29
4.570038E+05 2.628608E+22 1.973450E+17 2.752607E+29
5.010920E+05 2.849800E+22 2.019658E+17 3.018139E+29
5.494385E+05 3.094804E+22 2.066335E+17 3.309317E+29
6.024410E+05 3.366341E+22 2.113516E+17 3.628535E+29
6.605892E+05 3.667517E+22 2.161240E+17 3.978742E+29
7.242799E+05 4.001942E+22 2.209570E+17 4.362327E+29
7.941507E+05 4.373501E+22 2.258543E+17 4.783131E+29
8.708128E+05 4.786856E+22 2.308229E+17 5.244834E+29
9.548163E+05 5.247002E+22 2.358671E+17 5.750748E+29
1.046896E+06 5.759879E+22 2.409948E+17 6.305296E+29
1.147908E+06 6.332148E+22 2.462128E+17 6.913641E+29
1.258649E+06 6.970470E+22 2.515209E+17 7.580567E+29
1.380097E+06 7.684835E+22 2.569386E+17 8.311973E+29
1.513230E+06 8.484124E+22 2.624670E+17 9.113749E+29
1.659273E+06 9.378884E+22 2.681110E+17 9.993270E+29
1.819327E+06 1.038244E+23 2.738842E+17 1.095716E+30
1.994860E+06 1.150866E+23 2.797930E+17 1.201426E+30
2.187340E+06 1.277420E+23 2.858484E+17 1.317342E+30
2.398359E+06 1.419738E+23 2.920589E+17 1.444421E+30
2.629752E+06 1.579929E+23 2.984342E+17 1.583768E+30
2.883477E+06 1.760324E+23 3.049818E+17 1.736563E+30
3.161674E+06 1.963754E+23 3.117157E+17 1.904094E+30
3.466731E+06 2.193272E+23 3.186446E+17 2.087799E+30
3.801217E+06 2.452431E+23 3.257798E+17 2.289224E+30
4.167946E+06 2.745226E+23 3.331318E+17 2.510064E+30
4.570100E+06 3.076210E+23 3.407113E+17 2.752235E+30
5.011043E+06 3.450599E+23 3.485304E+17 3.017761E+30
5.494509E+06 3.874278E+23 3.566002E+17 3.308892E+30
6.024595E+06 4.353852E+23 3.649308E+17 3.628093E+30
6.605892E+06 4.896980E+23 3.735352E+17 3.978127E+30
7.243416E+06 5.512211E+23 3.824241E+17 4.362017E+30
7.942124E+06 6.209480E+23 3.916118E+17 4.782744E+30
8.708128E+06 6.999333E+23 4.011039E+17 5.243989E+30
9.548780E+06 7.894648E+23 4.109164E+17 5.750177E+30
1.047019E+07 8.909857E+23 4.210635E+17 6.304988E+30
1.148032E+07 1.006050E+24 4.315523E+17 6.913209E+30
1.258772E+07 1.136545E+24 4.424011E+17 7.579996E+30
1.380220E+07 1.284469E+24 4.536168E+17 8.311244E+30
1.513415E+07 1.451987E+24 4.652003E+17 9.113214E+30
1.659397E+07 1.641929E+24 4.771787E+17 9.992161E+30
1.819512E+07 1.857182E+24 4.895588E+17 1.095619E+31
1.995107E+07 2.101132E+24 5.023546E+17 1.201341E+31
2.187588E+07 2.377608E+24 5.155803E+17 1.317227E+31
2.398668E+07 2.690886E+24 5.292476E+17 1.444310E+31
2.630123E+07 3.045848E+24 5.433708E+17 1.583658E+31
2.883909E+07 3.447935E+24 5.579610E+17 1.736447E+31
3.162168E+07 3.903363E+24 5.730324E+17 1.903968E+31
3.467287E+07 4.419182E+24 5.886002E+17 2.087655E+31
3.801835E+07 5.003330E+24 6.046787E+17 2.289057E+31
4.168687E+07 5.664964E+24 6.212873E+17 2.509901E+31
4.570964E+07 6.413187E+24 6.384166E+17 2.752067E+31
5.012031E+07 7.260767E+24 6.561127E+17 3.017579E+31
5.495620E+07 8.220470E+24 6.743864E+17 3.308682E+31
6.025954E+07 9.305616E+24 6.932303E+17 3.627917E+31
6.607127E+07 1.053397E+25 7.126841E+17 3.977747E+31
7.245269E+07 1.192329E+25 7.327504E+17 4.361861E+31
7.943977E+07 1.349522E+25 7.534559E+17 4.782422E+31
8.710599E+07 1.527309E+25 7.748133E+17 5.243850E+31
9.551251E+07 1.728352E+25 7.968389E+17 5.749824E+31
1.047266E+08 1.955706E+25 8.195549E+17 6.304393E+31
1.148341E+08 2.212700E+25 8.429726E+17 6.912711E+31
1.259143E+08 2.503275E+25 8.671199E+17 7.579560E+31
1.380652E+08 2.831705E+25 8.920109E+17 8.310829E+31
1.513909E+08 3.202875E+25 9.176651E+17 9.112773E+31
1.660015E+08 3.622335E+25 9.441050E+17 9.992014E+31
1.820191E+08 4.096303E+25 9.713511E+17 1.095591E+32
1.995848E+08 4.631771E+25 9.994235E+17 1.201292E+32
2.188452E+08 5.236622E+25 1.028342E+18 1.317188E+32
2.399656E+08 5.919737E+25 1.058128E+18 1.444272E+32
2.631235E+08 6.691274E+25 1.088809E+18 1.583610E+32
2.885206E+08 7.561056E+25 1.120351E+18 1.736417E+32
3.163651E+08 8.542961E+25 1.152825E+18 1.903942E+32
3.468954E+08 9.650865E+25 1.186241E+18 2.087621E+32
3.803687E+08 1.090086E+26 1.220625E+18 2.288998E+32
4.170787E+08 1.231183E+26 1.256020E+18 2.509837E+32
4.573373E+08 1.390431E+26 1.292452E+18 2.752015E+32
5.014749E+08 1.570049E+26 1.329926E+18 3.017517E+32
5.498708E+08 1.772646E+26 1.368475E+18 3.308621E+32
6.029413E+08 2.001221E+26 1.408137E+18 3.627829E+32
6.611450E+08 2.258992E+26 1.448929E+18 3.977897E+32
7.249592E+08 2.549678E+26 1.490879E+18 4.361692E+32
7.948918E+08 2.877386E+26 1.534009E+18 4.782264E+32
8.716157E+08 3.246947E+26 1.578367E+18 5.243656E+32
9.557427E+08 3.664575E+26 1.624082E+18 5.749543E+32
1.048007E+09 4.125110E+26 1.670055E+18 6.304337E+32
1.149205E+09 4.639931E+26 1.716922E+18 6.912815E+32
1.260131E+09 5.213643E+26 1.764552E+18 7.579749E+32
1.381764E+09 5.850354E+26 1.812758E+18 8.311021E+32
1.515083E+09 6.549733E+26 1.861049E+18 9.112505E+32
1.661373E+09 7.359568E+26 1.912043E+18 9.991925E+32
1.821735E+09 8.274311E+26 1.964571E+18 1.095588E+33
1.997578E+09 9.306726E+26 2.018637E+18 1.201283E+33
2.190428E+09 1.047291E+27 2.074330E+18 1.317194E+33
2.401818E+09 1.178896E+27 2.131648E+18 1.444239E+33
2.633705E+09 1.327320E+27 2.190599E+18 1.583594E+33
2.887924E+09 1.495670E+27 2.251577E+18 1.736360E+33
3.166739E+09 1.685280E+27 2.314208E+18 1.903895E+33
3.472475E+09 1.898923E+27 2.378564E+18 2.087593E+33
3.807702E+09 2.139598E+27 2.444678E+18 2.288996E+33
4.175295E+09 2.410746E+27 2.512604E+18 2.509827E+33
4.578375E+09 2.716196E+27 2.582386E+18 2.751959E+33
5.020431E+09 3.060168E+27 2.654048E+18 3.017483E+33
5.505132E+09 3.447435E+27 2.727625E+18 3.308598E+33
6.036639E+09 3.884103E+27 2.803281E+18 3.627799E+33
6.619479E+09 4.373112E+27 2.880545E+18 3.977799E+33
7.258856E+09 4.922901E+27 2.959760E+18 4.361717E+33
7.959417E+09 5.540963E+27 3.040970E+18 4.782335E+33
8.727891E+09 6.235568E+27 3.124201E+18 5.243686E+33
9.571014E+09 7.015985E+27 3.209477E+18 5.749804E+33
1.049490E+10 7.892983E+27 3.296866E+18 6.304349E+33
1.150811E+10 8.887654E+27 3.387253E+18 6.912453E+33
1.261984E+10 1.002165E+28 3.481222E+18 7.579614E+33
1.383802E+10 1.129995E+28 3.577819E+18 8.310582E+33
1.517491E+10 1.273923E+28 3.676999E+18 9.112694E+33
1.664029E+10 1.436112E+28 3.778917E+18 9.991796E+33
1.824700E+10 1.618672E+28 3.883530E+18 1.095557E+34
2.000974E+10 1.824323E+28 3.990994E+18 1.201283E+34
2.194196E+10 2.055839E+28 4.101315E+18 1.317158E+34
2.406141E+10 2.316385E+28 4.214531E+18 1.444247E+34
2.638522E+10 2.609735E+28 4.330772E+18 1.583571E+34
2.893420E+10 2.933115E+28 4.447622E+18 1.736376E+34
3.172853E+10 3.274311E+28 4.560051E+18 1.903867E+34
3.479392E+10 3.653474E+28 4.673983E+18 2.087583E+34
3.815484E+10 4.074544E+28 4.789359E+18 2.288985E+34
4.184003E+10 4.541851E+28 4.906124E+18 2.509790E+34
4.588195E+10 5.078596E+28 5.028421E+18 2.751937E+34
5.031424E+10 5.728241E+28 5.163394E+18 3.017432E+34
5.517484E+10 6.459813E+28 5.301995E+18 3.308539E+34
6.050535E+10 7.282970E+28 5.444202E+18 3.627740E+34
6.634919E+10 8.208258E+28 5.589968E+18 3.977624E+34
7.276149E+10 9.249000E+28 5.739471E+18 4.361480E+34
7.979180E+10 1.041741E+29 5.892518E+18 4.782260E+34
8.750125E+10 1.172957E+29 6.049246E+18 5.243609E+34
9.595718E+10 1.320215E+29 6.209630E+18 5.749540E+34
1.052331E+11 1.485291E+29 6.373568E+18 6.304429E+34
1.154023E+11 1.670126E+29 6.540945E+18 6.912645E+34
1.265504E+11 1.818494E+29 6.663485E+18 7.579305E+34
1.387817E+11 2.015042E+29 6.811494E+18 8.310622E+34
1.521938E+11 2.251609E+29 6.973929E+18 9.112409E+34
1.669031E+11 2.519926E+29 7.141921E+18 9.991582E+34
1.830382E+11 2.820548E+29 7.313543E+18 1.095578E+35
2.007274E+11 3.155584E+29 7.487948E+18 1.201266E+35
2.201298E+11 3.529029E+29 7.665209E+18 1.317167E+35
2.414046E+11 3.944993E+29 7.845244E+18 1.444227E+35
2.647416E+11 4.412744E+29 8.029842E+18 1.583575E+35
2.903302E+11 4.936778E+29 8.218417E+18 1.736336E+35
3.183970E+11 5.520592E+29 8.409979E+18 1.903855E+35
3.491805E+11 6.170625E+29 8.604459E+18 2.087551E+35
3.829380E+11 6.833369E+29 8.785267E+18 2.288951E+35
4.199629E+11 7.556060E+29 8.965046E+18 2.509801E+35
4.605612E+11 8.308169E+29 9.135654E+18 2.751918E+35
5.050878E+11 8.831593E+29 9.243960E+18 3.017422E+35
5.539161E+11 9.148533E+29 9.303788E+18 3.308548E+35
6.074559E+11 9.496557E+29 9.363697E+18 3.627744E+35
6.661476E+11 9.880660E+29 9.423993E+18 3.977632E+35
7.305176E+11 1.030362E+30 9.484542E+18 4.361345E+35
8.011296E+11 1.072991E+30 9.540195E+18 4.782240E+35
8.785328E+11 1.114898E+30 9.590090E+18 5.243588E+35
9.634009E+11 1.173235E+30 9.653419E+18 5.749397E+35
1.056530E+12 1.238677E+30 9.718202E+18 6.304403E+35
1.158593E+12 1.311445E+30 9.783891E+18 6.912602E+35
1.270507E+12 1.392873E+30 9.850921E+18 7.579458E+35
1.393190E+12 1.484236E+30 9.919505E+18 8.310426E+35
1.527805E+12 1.586645E+30 9.989610E+18 9.112430E+35
1.675331E+12 1.702320E+30 1.006182E+19 9.991280E+35
1.837175E+12 1.832649E+30 1.013601E+19 1.095535E+36
2.014623E+12 1.978741E+30 1.021185E+19 1.201228E+36
2.209204E+12 2.143261E+30 1.028973E+19 1.317116E+36
2.422569E+12 2.329263E+30 1.037002E+19 1.444180E+36
2.656618E+12 2.532804E+30 1.045014E+19 1.583550E+36
2.913183E+12 2.761822E+30 1.053235E+19 1.736313E+36
3.194531E+12 3.022091E+30 1.061755E+19 1.903817E+36
3.503046E+12 3.322435E+30 1.070721E+19 2.087477E+36
3.841423E+12 3.656749E+30 1.079821E+19 2.288895E+36
4.212413E+12 4.035079E+30 1.089212E+19 2.509702E+36
4.619261E+12 4.460868E+30 1.098851E+19 2.751825E+36
5.065454E+12 4.935501E+30 1.108648E+19 3.017335E+36
5.554725E+12 5.475466E+30 1.118812E+19 3.308447E+36
6.091234E+12 6.082370E+30 1.129230E+19 3.627628E+36
6.679386E+12 6.761211E+30 1.139856E+19 3.977491E+36
7.324940E+12 7.526087E+30 1.150773E+19 4.361454E+36
8.032294E+12 8.399755E+30 1.162145E+19 4.782123E+36
8.808179E+12 9.383880E+30 1.173826E+19 5.243489E+36
9.659331E+12 1.049567E+31 1.185859E+19 5.749543E+36
1.059186E+13 1.175622E+31 1.198300E+19 6.303905E+36
1.161557E+13 1.320992E+31 1.211383E+19 6.912387E+36
1.273780E+13 1.488677E+31 1.225144E+19 7.579325E+36
1.396834E+13 1.682171E+31 1.239624E+19 8.310515E+36
1.531758E+13 1.906971E+31 1.254964E+19 9.112109E+36
1.679778E+13 2.170237E+31 1.271344E+19 9.991349E+36
1.842054E+13 2.481128E+31 1.288983E+19 1.095509E+37
2.020058E+13 2.851354E+31 1.308136E+19 1.201202E+37
2.215318E+13 3.296292E+31 1.329124E+19 1.317115E+37
2.429425E+13 3.836867E+31 1.352374E+19 1.444185E+37
2.664214E+13 4.494615E+31 1.378168E+19 1.583492E+37
2.921768E+13 5.299455E+31 1.406945E+19 1.736259E+37
3.204289E+13 6.288298E+31 1.439180E+19 1.903778E+37
3.514163E+13 7.507215E+31 1.475407E+19 2.087446E+37
3.854084E+13 9.010878E+31 1.516148E+19 2.288837E+37
4.226988E+13 1.086368E+32 1.561912E+19 2.509664E+37
4.636121E+13 1.314276E+32 1.613225E+19 2.751813E+37
5.084908E+13 1.593195E+32 1.670463E+19 3.017271E+37
5.577391E+13 1.932560E+32 1.733936E+19 3.308379E+37
6.117791E+13 2.341807E+32 1.803692E+19 3.627575E+37
6.710884E+13 2.830040E+32 1.879525E+19 3.977611E+37
7.361378E+13 3.404418E+32 1.960815E+19 4.361189E+37
8.076144E+13 3.941385E+32 2.030053E+19 4.782314E+37
8.859440E+13 4.255495E+32 2.066980E+19 5.243544E+37
9.718620E+13 4.731405E+32 2.117971E+19 5.749209E+37
1.066165E+14 5.273700E+32 2.170932E+19 6.303902E+37
1.169648E+14 5.757659E+32 2.214020E+19 6.912268E+37
1.283106E+14 6.140652E+32 2.245113E+19 7.579000E+37
1.407580E+14 6.387655E+32 2.263403E+19 8.310267E+37
1.544110E+14 6.514209E+32 2.271951E+19 9.112243E+37
1.693797E+14 6.592473E+32 2.276772E+19 9.991440E+37
1.857927E+14 6.804506E+32 2.288680E+19 1.095537E+38
2.037907E+14 7.498889E+32 2.324206E+19 1.201212E+38
2.235452E+14 9.228462E+32 2.404877E+19 1.317123E+38
2.452276E+14 1.276920E+33 2.555663E+19 1.444177E+38
2.690524E+14 1.911134E+33 2.802138E+19 1.583460E+38
2.952648E+14 2.944105E+33 3.167467E+19 1.736158E+38
3.241406E+14 4.514875E+33 3.671529E+19 1.903543E+38
3.560112E+14 6.788965E+33 4.332147E+19 2.087084E+38
3.912509E+14 9.969470E+33 5.166919E+19 2.288343E+38
4.302829E+14 1.431505E+34 6.195469E+19 2.508961E+38
4.736296E+14 2.016041E+34 7.440509E+19 2.750888E+38
5.218742E+14 2.793850E+34 8.927816E+19 3.016091E+38
5.757421E+14 3.821936E+34 1.068786E+20 3.306906E+38
6.360631E+14 5.173678E+34 1.275322E+20 3.625704E+38
7.038829E+14 6.941052E+34 1.515486E+20 3.975338E+38
7.804197E+14 9.239009E+34 1.792126E+20 4.358733E+38
8.671510E+14 1.220471E+35 2.107113E+20 4.779138E+38
9.657997E+14 1.599522E+35 2.460797E+20 5.239863E+38
1.078583E+15 2.078708E+35 2.851948E+20 5.745240E+38
1.208028E+15 2.676842E+35 3.277382E+20 6.299532E+38
1.357090E+15 3.413687E+35 3.732443E+20 6.907333E+38
1.529219E+15 4.309891E+35 4.211609E+20 7.573659E+38
1.728547E+15 5.387433E+35 4.709219E+20 8.304458E+38
1.959755E+15 6.670181E+35 5.219978E+20 9.105889E+38
2.228145E+15 8.183280E+35 5.738854E+20 9.984394E+38
2.540128E+15 9.956704E+35 6.262251E+20 1.094803E+39
2.902732E+15 1.202209E+36 6.786705E+20 1.200458E+39
3.324157E+15 1.441496E+36 7.309505E+20 1.316298E+39
3.813899E+15 1.717473E+36 7.828462E+20 1.443333E+39
4.382563E+15 2.034414E+36 8.341691E+20 1.582606E+39
5.042483E+15 2.397147E+36 8.847874E+20 1.735314E+39
5.807720E+15 2.810945E+36 9.345912E+20 1.902768E+39
6.694185E+15 3.281638E+36 9.834986E+20 2.086383E+39
7.719951E+15 3.815774E+36 1.031461E+21 2.287703E+39
8.905370E+15 4.420626E+36 1.078447E+21 2.508385E+39
1.027450E+16 5.104351E+36 1.124447E+21 2.750417E+39
1.185387E+16 5.875887E+36 1.169451E+21 3.015831E+39
1.367308E+16 6.746225E+36 1.213514E+21 3.306772E+39
1.576730E+16 7.726464E+36 1.256633E+21 3.625839E+39
1.817539E+16 8.829373E+36 1.298828E+21 3.975721E+39
2.094055E+16 1.006938E+37 1.340132E+21 4.359248E+39
2.411398E+16 1.146425E+37 1.380621E+21 4.779826E+39
2.775244E+16 1.303175E+37 1.420308E+21 5.241002E+39
3.192011E+16 1.479351E+37 1.459249E+21 5.746648E+39
3.669040E+16 1.677287E+37 1.497473E+21 6.301094E+39
4.214601E+16 1.899645E+37 1.535019E+21 6.909024E+39
4.838135E+16 2.149533E+37 1.571940E+21 7.575648E+39
5.550194E+16 2.430339E+37 1.608267E+21 8.306522E+39
6.363057E+16 2.745948E+37 1.644040E+21 9.108067E+39
7.289933E+16 3.100743E+37 1.679295E+21 9.986630E+39
8.669321E+16 3.619364E+37 1.723664E+21 1.123715E+40
1.030971E+17 4.225100E+37 1.767499E+21 1.265309E+40
1.226050E+17 4.932210E+37 1.810778E+21 1.425729E+40
1.458041E+17 5.757663E+37 1.853506E+21 1.607592E+40
1.733929E+17 6.721263E+37 1.895687E+21 1.813890E+40
2.062020E+17 7.846130E+37 1.937325E+21 2.048046E+40
2.452192E+17 9.159255E+37 1.978424E+21 2.313984E+40
2.916191E+17 1.069214E+38 2.018988E+21 2.616198E+40
3.467987E+17 1.248158E+38 2.059020E+21 2.959840E+40
4.124194E+17 1.457049E+38 2.098526E+21 3.350818E+40
4.904567E+17 1.700900E+38 2.137509E+21 3.795913E+40
5.832600E+17 1.985562E+38 2.175974E+21 4.302910E+40
6.936234E+17 2.317864E+38 2.213925E+21 4.880748E+40
8.248696E+17 2.705781E+38 2.251366E+21 5.539702E+40
9.809500E+17 3.158619E+38 2.288302E+21 6.291583E+40
