332
1.677925E+03 5.097191E+21 1.000000E+00 1.014215E+27
1.837978E+03 5.098467E+21 7.253643E+14 1.110632E+27
2.013450E+03 5.099966E+21 1.502917E+15 1.216338E+27
2.205807E+03 5.101798E+21 2.370634E+15 1.332215E+27
2.416764E+03 5.103907E+21 3.282861E+15 1.459298E+27
2.648095E+03 5.106405E+21 4.269008E+15 1.598653E+27
2.901758E+03 5.109347E+21 5.329180E+15 1.751461E+27
3.179893E+03 5.112843E+21 6.479393E+15 1.919012E+27
3.484827E+03 5.117006E+21 7.729102E+15 2.102705E+27
3.819189E+03 5.121891E+21 9.067282E+15 2.304126E+27
4.185794E+03 5.127664E+21 1.051047E+16 2.524970E+27
4.587825E+03 5.134491E+21 1.206798E+16 2.767154E+27
5.028645E+03 5.142539E+21 1.374333E+16 3.032705E+27
5.511925E+03 5.151975E+21 1.553549E+16 3.323833E+27
6.041950E+03 5.163132E+21 1.746880E+16 3.643119E+27
6.623185E+03 5.176176E+21 1.953097E+16 3.993253E+27
7.260092E+03 5.191440E+21 2.173256E+16 4.376923E+27
7.958800E+03 5.209258E+21 2.407703E+16 4.797821E+27
8.724803E+03 5.229962E+21 2.656225E+16 5.259256E+27
9.564838E+03 5.253940E+21 2.918794E+16 5.765285E+27
1.048625E+04 5.281693E+21 3.196008E+16 6.320334E+27
1.149576E+04 5.313609E+21 3.486810E+16 6.928449E+27
1.260316E+04 5.350133E+21 3.790364E+16 7.595533E+27
1.381764E+04 5.391929E+21 4.107223E+16 8.327114E+27
1.514897E+04 5.439387E+21 4.435388E+16 9.129083E+27
1.660879E+04 5.493228E+21 4.774975E+16 1.000845E+28
1.820932E+04 5.553951E+21 5.124311E+16 1.097257E+28
1.996466E+04 5.622224E+21 5.482547E+16 1.202994E+28
2.188884E+04 5.699378E+21 5.851791E+16 1.318901E+28
2.399903E+04 5.784857E+21 6.224914E+16 1.446013E+28
2.631296E+04 5.880883E+21 6.607209E+16 1.585396E+28
2.884959E+04 5.987455E+21 6.994177E+16 1.738193E+28
3.163156E+04 6.105683E+21 7.385714E+16 1.905769E+28
3.468213E+04 6.236678E+21 7.781367E+16 2.089522E+28
3.802638E+04 6.382104E+21 8.181968E+16 2.290965E+28
4.169366E+04 6.542517E+21 8.584980E+16 2.511865E+28
4.571458E+04 6.720137E+21 8.991961E+16 2.754065E+28
5.012340E+04 6.915519E+21 9.400253E+16 3.019630E+28
5.495744E+04 7.131438E+21 9.811762E+16 3.310806E+28
6.025831E+04 7.369004E+21 1.022469E+17 3.630099E+28
6.607127E+04 7.630439E+21 1.063912E+17 3.980237E+28
7.244034E+04 7.918516E+21 1.105560E+17 4.363870E+28
7.943360E+04 8.235456E+21 1.147348E+17 4.785098E+28
8.709363E+04 8.584590E+21 1.189330E+17 5.246486E+28
9.549398E+04 8.968138E+21 1.231391E+17 5.752462E+28
1.047019E+05 9.389985E+21 1.273582E+17 6.307081E+28
1.148032E+05 9.854017E+21 1.315909E+17 6.915503E+28
1.258772E+05 1.036467E+22 1.358389E+17 7.582515E+28
1.380220E+05 1.092640E+22 1.401005E+17 8.314015E+28
1.513353E+05 1.154418E+22 1.443749E+17 9.115896E+28
1.659397E+05 1.222413E+22 1.486653E+17 9.995533E+28
1.819450E+05 1.297291E+22 1.529742E+17 1.095955E+29
1.994984E+05 1.379718E+22 1.573001E+17 1.201680E+29
2.187402E+05 1.470471E+22 1.616439E+17 1.317574E+29
2.398483E+05 1.570493E+22 1.660099E+17 1.444708E+29
2.629814E+05 1.680728E+22 1.703983E+17 1.584038E+29
2.883539E+05 1.802287E+22 1.748117E+17 1.736854E+29
3.161736E+05 1.936445E+22 1.792538E+17 1.904410E+29
3.466731E+05 2.084480E+22 1.837241E+17 2.088105E+29
3.801217E+05 2.248001E+22 1.882274E+17 2.289561E+29
4.167946E+05 2.428730E+22 1.927666E+17 2.510435E+29
4.570038E+05 2.628608E+22 1.973450E+17 2.752607E+29
5.010920E+05 2.849800E+22 2.019658E+17 3.018139E+29
5.494385E+05 3.094804E+22 2.066335E+17 3.309317E+29
6.024410E+05 3.366341E+22 2.113516E+17 3.628535E+29
6.605892E+05 3.667517E+22 2.161240E+17 3.978742E+29
7.242799E+05 4.001942E+22 2.209570E+17 4.362327E+29
7.941507E+05 4.373501E+22 2.258543E+17 4.783131E+29
8.708128E+05 4.786856E+22 2.308229E+17 5.244834E+29
9.548163E+05 5.247002E+22 2.358671E+17 5.750748E+29
1.046896E+06 5.759879E+22 2.409948E+17 6.305296E+29
1.147908E+06 6.332148E+22 2.462128E+17 6.913641E+29
1.258649E+06 6.970470E+22 2.515209E+17 7.580567E+29
1.380097E+06 7.684835E+22 2.569386E+17 8.311973E+29
1.513230E+06 8.484124E+22 2.624670E+17 9.113749E+29
1.659273E+06 9.378884E+22 2.681110E+17 9.993270E+29
1.819327E+06 1.038244E+23 2.738842E+17 1.095716E+30
1.994860E+06 1.150866E+23 2.797930E+17 1.201426E+30
2.187340E+06 1.277420E+23 2.858484E+17 1.317342E+30
2.398359E+06 1.419738E+23 2.920589E+17 1.444421E+30
2.629752E+06 1.579929E+23 2.984342E+17 1.583768E+30
2.883477E+06 1.760324E+23 3.049818E+17 1.736563E+30
3.161674E+06 1.963754E+23 3.117157E+17 1.904094E+30
3.466731E+06 2.193272E+23 3.186446E+17 2.087799E+30
3.801217E+06 2.452431E+23 3.257798E+17 2.289224E+30
4.167946E+06 2.745226E+23 3.331318E+17 2.510064E+30
4.570100E+06 3.076210E+23 3.407113E+17 2.752235E+30
5.011043E+06 3.450599E+23 3.485304E+17 3.017761E+30
5.494509E+06 3.874278E+23 3.566002E+17 3.308892E+30
6.024595E+06 4.353852E+23 3.649308E+17 3.628093E+30
6.605892E+06 4.896980E+23 3.735352E+17 3.978127E+30
7.243416E+06 5.512211E+23 3.824241E+17 4.362017E+30
7.942124E+06 6.209480E+23 3.916118E+17 4.782744E+30
8.708128E+06 6.999333E+23 4.011039E+17 5.243989E+30
9.548780E+06 7.894648E+23 4.109164E+17 5.750177E+30
1.047019E+07 8.909857E+23 4.210635E+17 6.304988E+30
1.148032E+07 1.006050E+24 4.315523E+17 6.913209E+30
1.258772E+07 1.136545E+24 4.424011E+17 7.579996E+30
1.380220E+07 1.284469E+24 4.536168E+17 8.311244E+30
1.513415E+07 1.451987E+24 4.652003E+17 9.113214E+30
1.659397E+07 1.641929E+24 4.771787E+17 9.992161E+30
1.819512E+07 1.857182E+24 4.895588E+17 1.095619E+31
1.995107E+07 2.101132E+24 5.023546E+17 1.201341E+31
2.187588E+07 2.377608E+24 5.155803E+17 1.317227E+31
2.398668E+07 2.690886E+24 5.292476E+17 1.444310E+31
2.630123E+07 3.045848E+24 5.433708E+17 1.583658E+31
2.883909E+07 3.447935E+24 5.579610E+17 1.736447E+31
3.162168E+07 3.903363E+24 5.730324E+17 1.903968E+31
3.467287E+07 4.419182E+24 5.886002E+17 2.087655E+31
3.801835E+07 5.003330E+24 6.046787E+17 2.289057E+31
4.168687E+07 5.664964E+24 6.212873E+17 2.509901E+31
4.570964E+07 6.413187E+24 6.384166E+17 2.752067E+31
5.012031E+07 7.260767E+24 6.561127E+17 3.017579E+31
5.495620E+07 8.220470E+24 6.743864E+17 3.308682E+31
6.025954E+07 9.305616E+24 6.932303E+17 3.627917E+31
6.607127E+07 1.053397E+25 7.126841E+17 3.977747E+31
7.245269E+07 1.192329E+25 7.327504E+17 4.361861E+31
7.943977E+07 1.349522E+25 7.534559E+17 4.782422E+31
8.710599E+07 1.527309E+25 7.748133E+17 5.243850E+31
9.551251E+07 1.728352E+25 7.968389E+17 5.749824E+31
1.047266E+08 1.955706E+25 8.195549E+17 6.304393E+31
1.148341E+08 2.212700E+25 8.429726E+17 6.912711E+31
1.259143E+08 2.503275E+25 8.671199E+17 7.579560E+31
1.380652E+08 2.831705E+25 8.920109E+17 8.310829E+31
1.513909E+08 3.202875E+25 9.176651E+17 9.112773E+31
1.660015E+08 3.622335E+25 9.441050E+17 9.992014E+31
1.820191E+08 4.096303E+25 9.713511E+17 1.095591E+32
1.995848E+08 4.631771E+25 9.994235E+17 1.201292E+32
2.188452E+08 5.236622E+25 1.028342E+18 1.317188E+32
2.399656E+08 5.919737E+25 1.058128E+18 1.444272E+32
2.631235E+08 6.691274E+25 1.088809E+18 1.583610E+32
2.885206E+08 7.561056E+25 1.120351E+18 1.736417E+32
3.163651E+08 8.542961E+25 1.152825E+18 1.903942E+32
3.468954E+08 9.650865E+25 1.186241E+18 2.087621E+32
3.803687E+08 1.090086E+26 1.220625E+18 2.288998E+32
4.170787E+08 1.231183E+26 1.256020E+18 2.509837E+32
4.573373E+08 1.390431E+26 1.292452E+18 2.752015E+32
5.014749E+08 1.570049E+26 1.329926E+18 3.017517E+32
5.498708E+08 1.772646E+26 1.368475E+18 3.308621E+32
6.029413E+08 2.001221E+26 1.408137E+18 3.627829E+32
6.611450E+08 2.258992E+26 1.448929E+18 3.977897E+32
7.249592E+08 2.549678E+26 1.490879E+18 4.361692E+32
7.948918E+08 2.877386E+26 1.534009E+18 4.782264E+32
8.716157E+08 3.246947E+26 1.578367E+18 5.243656E+32
9.557427E+08 3.664575E+26 1.624082E+18 5.749543E+32
1.048007E+09 4.125110E+26 1.670055E+18 6.304337E+32
1.149205E+09 4.639931E+26 1.716922E+18 6.912815E+32
1.260131E+09 5.213643E+26 1.764552E+18 7.579749E+32
1.381764E+09 5.850354E+26 1.812758E+18 8.311021E+32
1.515083E+09 6.549733E+26 1.861049E+18 9.112505E+32
1.661373E+09 7.359568E+26 1.912043E+18 9.991925E+32
1.821735E+09 8.274311E+26 1.964571E+18 1.095588E+33
1.997578E+09 9.306726E+26 2.018637E+18 1.201283E+33
2.190428E+09 1.047291E+27 2.074330E+18 1.317194E+33
2.401818E+09 1.178896E+27 2.131648E+18 1.444239E+33
2.633705E+09 1.327320E+27 2.190599E+18 1.583594E+33
2.887924E+09 1.495670E+27 2.251577E+18 1.736360E+33
3.166739E+09 1.685335E+27 2.314227E+18 1.903895E+33
3.472475E+09 1.898923E+27 2.378565E+18 2.087593E+33
3.807702E+09 2.139598E+27 2.444679E+18 2.288996E+33
4.175295E+09 2.410746E+27 2.512606E+18 2.509827E+33
4.578375E+09 2.716196E+27 2.582387E+18 2.751959E+33
5.020431E+09 3.060168E+27 2.654049E+18 3.017483E+33
5.505132E+09 3.447435E+27 2.727626E+18 3.308598E+33
6.036639E+09 3.884158E+27 2.803292E+18 3.627799E+33
6.619479E+09 4.373112E+27 2.880547E+18 3.977799E+33
7.258856E+09 4.922957E+27 2.959771E+18 4.361717E+33
7.959417E+09 5.540963E+27 3.040973E+18 4.782335E+33
8.727891E+09 6.235568E+27 3.124204E+18 5.243686E+33
9.571014E+09 7.015985E+27 3.209481E+18 5.749804E+33
1.049490E+10 7.892983E+27 3.296870E+18 6.304349E+33
1.150811E+10 8.887654E+27 3.387256E+18 6.912453E+33
1.261984E+10 1.002165E+28 3.481225E+18 7.579614E+33
1.383802E+10 1.129995E+28 3.577822E+18 8.310582E+33
1.517491E+10 1.273923E+28 3.677002E+18 9.112694E+33
1.664029E+10 1.436112E+28 3.778920E+18 9.991796E+33
1.824700E+10 1.618672E+28 3.883533E+18 1.095557E+34
2.000974E+10 1.824323E+28 3.990997E+18 1.201283E+34
2.194196E+10 2.055839E+28 4.101318E+18 1.317158E+34
2.406141E+10 2.316441E+28 4.214559E+18 1.444247E+34
2.638522E+10 2.609735E+28 4.330777E+18 1.583571E+34
2.893420E+10 2.937500E+28 4.449211E+18 1.736376E+34
3.172853E+10 3.298679E+28 4.568220E+18 1.903866E+34
3.479392E+10 3.703430E+28 4.689837E+18 2.087580E+34
3.815484E+10 4.156749E+28 4.814043E+18 2.288977E+34
4.184065E+10 4.664353E+28 4.940869E+18 2.509812E+34
4.588257E+10 5.232515E+28 5.070317E+18 2.751948E+34
5.031486E+10 5.868116E+28 5.202369E+18 3.017432E+34
5.517607E+10 6.579151E+28 5.337075E+18 3.308564E+34
6.050658E+10 7.374555E+28 5.474485E+18 3.627753E+34
6.635537E+10 8.292628E+28 5.619105E+18 3.977921E+34
7.276149E+10 9.341140E+28 5.769715E+18 4.361394E+34
7.979180E+10 1.051787E+29 5.923851E+18 4.782160E+34
8.750743E+10 1.183614E+29 6.081301E+18 5.243862E+34
9.596336E+10 1.331316E+29 6.242155E+18 5.749775E+34
1.052331E+11 1.496558E+29 6.406252E+18 6.304275E+34
1.154023E+11 1.681228E+29 6.573477E+18 6.912469E+34
1.265566E+11 1.882327E+29 6.739528E+18 7.579457E+34
1.387878E+11 2.032748E+29 6.852817E+18 8.310727E+34
1.522000E+11 2.245448E+29 6.998866E+18 9.112485E+34
1.669093E+11 2.495115E+29 7.155182E+18 9.991638E+34
1.830382E+11 2.779251E+29 7.317397E+18 1.095546E+35
2.007336E+11 3.095970E+29 7.482273E+18 1.201271E+35
2.201360E+11 3.449267E+29 7.649974E+18 1.317173E+35
2.414108E+11 3.842473E+29 7.820165E+18 1.444236E+35
2.647477E+11 4.277975E+29 7.992044E+18 1.583589E+35
2.903364E+11 4.761434E+29 8.166029E+18 1.736357E+35
3.184031E+11 5.296347E+29 8.341560E+18 1.903888E+35
3.491805E+11 5.883103E+29 8.517128E+18 2.087563E+35
3.829318E+11 6.518649E+29 8.690531E+18 2.288947E+35
4.199505E+11 7.219693E+29 8.864943E+18 2.509783E+35
4.605488E+11 8.001220E+29 9.042235E+18 2.751927E+35
5.050755E+11 8.817161E+29 9.211019E+18 3.017449E+35
5.538976E+11 9.140763E+29 9.272106E+18 3.308549E+35
6.074374E+11 9.493227E+29 9.332781E+18 3.627757E+35
6.661476E+11 9.879550E+29 9.393426E+18 3.977767E+35
7.305176E+11 1.030306E+30 9.454054E+18 4.361493E+35
8.011296E+11 1.077209E+30 9.515283E+18 4.782400E+35
8.785328E+11 1.128941E+30 9.576866E+18 5.243758E+35
9.634009E+11 1.186223E+30 9.639051E+18 5.749575E+35
1.056469E+12 1.250111E+30 9.702298E+18 6.304222E+35
1.158531E+12 1.321381E+30 9.766638E+18 6.912433E+35
1.270445E+12 1.400921E+30 9.832118E+18 7.579301E+35
1.393190E+12 1.489731E+30 9.898789E+18 8.310654E+35
1.527743E+12 1.589198E+30 9.966883E+18 9.112310E+35
1.675331E+12 1.701099E+30 1.003674E+19 9.991551E+35
1.837113E+12 1.826321E+30 1.010803E+19 1.095528E+36
2.014562E+12 1.966141E+30 1.018061E+19 1.201225E+36
2.209142E+12 2.123168E+30 1.025495E+19 1.317117E+36
2.422508E+12 2.299012E+30 1.033086E+19 1.444186E+36
2.656494E+12 2.490453E+30 1.040623E+19 1.583525E+36
2.913060E+12 2.705151E+30 1.048331E+19 1.736297E+36
3.194407E+12 2.946603E+30 1.056236E+19 1.903810E+36
3.502922E+12 3.222746E+30 1.064480E+19 2.087483E+36
3.841238E+12 3.526198E+30 1.072741E+19 2.288878E+36
4.212228E+12 3.867895E+30 1.081224E+19 2.509704E+36
4.619075E+12 4.245004E+30 1.089761E+19 2.751850E+36
5.065207E+12 4.659191E+30 1.098312E+19 3.017352E+36
5.554354E+12 5.125277E+30 1.107087E+19 3.308426E+36
6.090802E+12 5.633880E+30 1.115819E+19 3.627615E+36
6.679386E+12 6.186167E+30 1.124466E+19 3.977792E+36
7.324322E+12 6.808392E+30 1.133350E+19 4.361458E+36
8.031676E+12 7.484457E+30 1.142152E+19 4.782214E+36
8.807562E+12 8.216029E+30 1.150838E+19 5.243690E+36
9.658096E+12 9.003107E+30 1.159360E+19 5.749516E+36
1.059062E+13 9.887321E+30 1.168090E+19 6.304053E+36
1.161372E+13 1.084203E+31 1.176687E+19 6.912388E+36
1.273533E+13 1.187167E+31 1.185141E+19 7.579236E+36
1.396525E+13 1.298068E+31 1.193446E+19 8.310410E+36
1.531387E+13 1.416629E+31 1.201542E+19 9.112081E+36
1.679284E+13 1.553175E+31 1.210045E+19 9.991149E+36
1.841498E+13 1.703541E+31 1.218584E+19 1.095523E+37
2.019317E+13 1.871003E+31 1.227256E+19 1.201195E+37
2.214391E+13 2.060446E+31 1.236202E+19 1.317110E+37
2.428251E+13 2.279029E+31 1.245615E+19 1.444175E+37
2.662794E+13 2.537189E+31 1.255752E+19 1.583513E+37
2.919977E+13 2.849911E+31 1.266950E+19 1.736283E+37
3.202003E+13 3.238565E+31 1.279640E+19 1.903788E+37
3.511322E+13 3.733070E+31 1.294363E+19 2.087475E+37
3.850563E+13 4.375110E+31 1.311793E+19 2.288895E+37
4.222603E+13 5.222191E+31 1.332764E+19 2.509742E+37
4.630624E+13 6.352131E+31 1.358274E+19 2.751885E+37
5.078176E+13 7.870781E+31 1.389539E+19 3.017404E+37
5.569053E+13 9.918960E+31 1.427989E+19 3.308512E+37
6.107539E+13 1.268317E+32 1.475303E+19 3.627701E+37
6.698532E+13 1.509214E+32 1.512859E+19 3.977850E+37
7.346556E+13 1.942717E+32 1.574520E+19 4.361573E+37
8.057616E+13 2.546514E+32 1.652815E+19 4.782292E+37
8.837824E+13 3.358459E+32 1.748758E+19 5.243476E+37
9.694534E+13 4.447213E+32 1.865964E+19 5.749275E+37
1.063509E+14 5.902530E+32 2.008649E+19 6.303773E+37
1.166869E+14 7.833036E+32 2.180964E+19 6.912047E+37
1.280388E+14 1.035690E+33 2.385970E+19 7.578710E+37
1.405233E+14 1.368728E+33 2.632058E+19 8.310035E+37
1.542504E+14 1.803064E+33 2.923854E+19 9.111744E+37
1.693550E+14 2.369172E+33 3.269458E+19 9.990773E+37
1.859841E+14 3.102797E+33 3.676182E+19 1.095447E+38
2.043095E+14 4.053452E+33 4.154457E+19 1.201124E+38
2.245210E+14 5.276975E+33 4.712565E+19 1.317006E+38
2.468272E+14 6.852797E+33 5.363680E+19 1.444040E+38
2.714734E+14 8.878773E+33 6.121133E+19 1.583302E+38
2.987542E+14 1.148035E+34 7.000100E+19 1.736052E+38
3.289764E+14 1.482016E+34 8.018323E+19 1.903492E+38
3.625269E+14 1.910635E+34 9.195545E+19 2.087112E+38
3.998293E+14 2.460479E+34 1.055346E+20 2.288403E+38
4.414059E+14 3.164909E+34 1.211439E+20 2.509141E+38
4.878467E+14 4.064664E+34 1.389903E+20 2.751154E+38
5.398587E+14 5.208314E+34 1.592424E+20 3.016512E+38
5.982660E+14 6.651309E+34 1.819937E+20 3.307452E+38
6.640404E+14 8.454151E+34 2.072317E+20 3.626459E+38
7.383450E+14 1.068161E+35 2.348429E+20 3.976398E+38
8.224165E+14 1.339975E+35 2.646032E+20 4.359902E+38
9.177942E+14 1.667629E+35 2.962204E+20 4.780379E+38
1.026263E+15 2.057948E+35 3.293533E+20 5.241651E+38
1.149731E+15 2.518095E+35 3.636631E+20 5.747376E+38
1.290477E+15 3.055617E+35 3.988288E+20 6.302014E+38
1.450965E+15 3.678952E+35 4.345813E+20 6.909974E+38
1.634150E+15 4.397202E+35 4.706812E+20 7.576716E+38
1.843297E+15 5.220914E+35 5.069491E+20 8.307905E+38
2.082039E+15 6.161744E+35 5.432348E+20 9.109532E+38
2.354629E+15 7.233014E+35 5.794272E+20 9.988624E+38
2.665686E+15 8.450265E+35 6.154569E+20 1.095225E+39
3.020694E+15 9.829595E+35 6.512346E+20 1.200896E+39
3.425814E+15 1.139154E+36 6.867480E+20 1.316792E+39
3.887702E+15 1.315775E+36 7.219598E+20 1.443830E+39
4.414369E+15 1.515264E+36 7.568450E+20 1.583143E+39
5.014629E+15 1.740508E+36 7.914071E+20 1.735904E+39
5.698404E+15 1.994616E+36 8.256328E+20 1.903385E+39
6.476790E+15 2.281250E+36 8.595342E+20 2.086949E+39
7.363596E+15 2.604462E+36 8.931142E+20 2.288374E+39
8.372381E+15 2.968861E+36 9.263816E+20 2.509140E+39
9.520411E+15 3.379551E+36 9.593394E+20 2.751290E+39
1.082556E+16 3.842528E+36 9.920092E+20 3.016712E+39
1.230942E+16 4.364287E+36 1.024394E+21 3.307750E+39
1.399602E+16 4.952375E+36 1.056512E+21 3.626894E+39
1.591251E+16 5.615008E+36 1.088362E+21 3.976858E+39
1.808909E+16 6.362122E+36 1.119977E+21 4.360531E+39
2.056093E+16 7.204706E+36 1.151375E+21 4.781239E+39
2.336686E+16 8.153862E+36 1.182529E+21 5.242478E+39
2.655254E+16 9.224577E+36 1.213492E+21 5.748352E+39
3.016607E+16 1.043128E+37 1.244243E+21 6.302803E+39
3.426791E+16 1.179229E+37 1.274813E+21 6.911068E+39
3.891848E+16 1.332760E+37 1.305216E+21 7.577707E+39
4.419430E+16 1.505883E+37 1.335445E+21 8.308889E+39
5.017554E+16 1.701154E+37 1.365514E+21 9.110491E+39
5.695598E+16 1.921458E+37 1.395439E+21 9.989374E+39
8.501816E+16 2.823015E+37 1.489263E+21 1.337527E+40
1.269066E+17 4.147733E+37 1.582017E+21 1.793123E+40
1.894334E+17 6.094082E+37 1.673700E+21 2.406890E+40
2.827671E+17 8.953767E+37 1.764320E+21 3.234721E+40
4.220862E+17 1.315538E+38 1.853886E+21 4.352593E+40
6.300479E+17 1.932862E+38 1.942405E+21 5.863890E+40
