333
1.699109E+03 7.260212E+21 1.000000E+00 1.028426E+27
1.858668E+03 7.261322E+21 6.224724E+14 1.124546E+27
2.033769E+03 7.262432E+21 1.191655E+15 1.230028E+27
2.226002E+03 7.264098E+21 1.972093E+15 1.345831E+27
2.437021E+03 7.266318E+21 2.923008E+15 1.472951E+27
2.668476E+03 7.269093E+21 4.008969E+15 1.612381E+27
2.922324E+03 7.271869E+21 5.000942E+15 1.765300E+27
3.200707E+03 7.275754E+21 6.269310E+15 1.933000E+27
3.505887E+03 7.279639E+21 7.427583E+15 2.116842E+27
3.840558E+03 7.284635E+21 8.787372E+15 2.318449E+27
4.207472E+03 7.290741E+21 1.030474E+16 2.539479E+27
4.609750E+03 7.297401E+21 1.181592E+16 2.781812E+27
5.050817E+03 7.305727E+21 1.354026E+16 3.047512E+27
5.534468E+03 7.315163E+21 1.532405E+16 3.338863E+27
6.064739E+03 7.326265E+21 1.723943E+16 3.658298E+27
6.646036E+03 7.339586E+21 1.933712E+16 4.008469E+27
7.283560E+03 7.355128E+21 2.157054E+16 4.392512E+27
7.982268E+03 7.372890E+21 2.389981E+16 4.813409E+27
8.748890E+03 7.393982E+21 2.642379E+16 5.275216E+27
9.588924E+03 7.417850E+21 2.902983E+16 5.781246E+27
1.051034E+04 7.438942E+21 3.113120E+16 6.336295E+27
1.152046E+04 7.470026E+21 3.395656E+16 6.944783E+27
1.262849E+04 7.505550E+21 3.690248E+16 7.612240E+27
1.384296E+04 7.546624E+21 4.000999E+16 8.343821E+27
1.517430E+04 7.593249E+21 4.322807E+16 9.145792E+27
1.663473E+04 7.646535E+21 4.658319E+16 1.002553E+28
1.823526E+04 7.706482E+21 5.002645E+16 1.098965E+28
1.999122E+04 7.774755E+21 5.360370E+16 1.204739E+28
2.191540E+04 7.851353E+21 5.726478E+16 1.320647E+28
2.402621E+04 7.937388E+21 6.101575E+16 1.447796E+28
2.634014E+04 8.033969E+21 6.485661E+16 1.587179E+28
2.887738E+04 8.142206E+21 6.878286E+16 1.740014E+28
3.165936E+04 8.262654E+21 7.276816E+16 1.907590E+28
3.470931E+04 8.396979E+21 7.682202E+16 2.091306E+28
3.805417E+04 8.546291E+21 8.093211E+16 2.292786E+28
4.172145E+04 8.711700E+21 8.508503E+16 2.513686E+28
4.574299E+04 8.895980E+21 8.930497E+16 2.755924E+28
5.015181E+04 9.099688E+21 9.355961E+16 3.021489E+28
5.498647E+04 9.325043E+21 9.785249E+16 3.312702E+28
6.028733E+04 9.573711E+21 1.021729E+17 3.631996E+28
6.610215E+04 9.849022E+21 1.065353E+17 3.982245E+28
7.247122E+04 1.015264E+22 1.109233E+17 4.365878E+28
7.945830E+04 1.048734E+22 1.153350E+17 4.786733E+28
8.712451E+04 1.085646E+22 1.197723E+17 5.248493E+28
9.552486E+04 1.126332E+22 1.242330E+17 5.754469E+28
1.047390E+05 1.171126E+22 1.287119E+17 6.309459E+28
1.148402E+05 1.220415E+22 1.332067E+17 6.917880E+28
1.259143E+05 1.274700E+22 1.377215E+17 7.584890E+28
1.380591E+05 1.334425E+22 1.422517E+17 8.316389E+28
1.513724E+05 1.400144E+22 1.467980E+17 9.118268E+28
1.659706E+05 1.472469E+22 1.513610E+17 9.997530E+28
1.819821E+05 1.552009E+22 1.559377E+17 1.096191E+29
1.995354E+05 1.639598E+22 1.605339E+17 1.201916E+29
2.187835E+05 1.736012E+22 1.651481E+17 1.317847E+29
2.398854E+05 1.842196E+22 1.697826E+17 1.444943E+29
2.630246E+05 1.959147E+22 1.744379E+17 1.584310E+29
2.883971E+05 2.087977E+22 1.791148E+17 1.737126E+29
3.162168E+05 2.229962E+22 1.838157E+17 1.904681E+29
3.467225E+05 2.386489E+22 1.885420E+17 2.088412E+29
3.801711E+05 2.559225E+22 1.932987E+17 2.289866E+29
4.168440E+05 2.749889E+22 1.980871E+17 2.510739E+29
4.570594E+05 2.960535E+22 2.029118E+17 2.752947E+29
5.011537E+05 3.193272E+22 2.077733E+17 3.018514E+29
5.495003E+05 3.450710E+22 2.126776E+17 3.309691E+29
6.025089E+05 3.735568E+22 2.176267E+17 3.628943E+29
6.606509E+05 4.051121E+22 2.226266E+17 3.979111E+29
7.243416E+05 4.400921E+22 2.276815E+17 4.362693E+29
7.942742E+05 4.789020E+22 2.327964E+17 4.783866E+29
8.708746E+05 5.219915E+22 2.379754E+17 5.245193E+29
9.548780E+05 5.698823E+22 2.432250E+17 5.751103E+29
1.047019E+06 6.231682E+22 2.485521E+17 6.306019E+29
1.148032E+06 6.824488E+22 2.539569E+17 6.914358E+29
1.258772E+06 7.485567E+22 2.594538E+17 7.581279E+29
1.380220E+06 8.223245E+22 2.650479E+17 8.312678E+29
1.513415E+06 9.046957E+22 2.707447E+17 9.114819E+29
1.659397E+06 9.967805E+22 2.765528E+17 9.993959E+29
1.819512E+06 1.099856E+23 2.824821E+17 1.095821E+30
1.995045E+06 1.215253E+23 2.885360E+17 1.201530E+30
2.187526E+06 1.344638E+23 2.947264E+17 1.317445E+30
2.398545E+06 1.489842E+23 3.010624E+17 1.444522E+30
2.629999E+06 1.652975E+23 3.075543E+17 1.583906E+30
2.883724E+06 1.836367E+23 3.142102E+17 1.736699E+30
3.161921E+06 2.042795E+23 3.210429E+17 1.904228E+30
3.466978E+06 2.275200E+23 3.280585E+17 2.087931E+30
3.801526E+06 2.537189E+23 3.352712E+17 2.289392E+30
4.168254E+06 2.832648E+23 3.426895E+17 2.510229E+30
4.570408E+06 3.166130E+23 3.503258E+17 2.752397E+30
5.011414E+06 3.542739E+23 3.581907E+17 3.017958E+30
5.494879E+06 3.968305E+23 3.662959E+17 3.309085E+30
6.025089E+06 4.449489E+23 3.746539E+17 3.628357E+30
6.606509E+06 4.993727E+23 3.832752E+17 3.978463E+30
7.244034E+06 5.609458E+23 3.921706E+17 4.362348E+30
7.942742E+06 6.306616E+23 4.013561E+17 4.783071E+30
8.708746E+06 7.095914E+23 4.108409E+17 5.244310E+30
9.549398E+06 7.990119E+23 4.206406E+17 5.750493E+30
1.047081E+07 9.003107E+23 4.307650E+17 6.305298E+30
1.148094E+07 1.015042E+24 4.412228E+17 6.913512E+30
1.258896E+07 1.145149E+24 4.520385E+17 7.580664E+30
1.380344E+07 1.292518E+24 4.632111E+17 8.311904E+30
1.513539E+07 1.459591E+24 4.747629E+17 9.113865E+30
1.659520E+07 1.648923E+24 4.867019E+17 9.992803E+30
1.819697E+07 1.863565E+24 4.990459E+17 1.095719E+31
1.995231E+07 2.106849E+24 5.118057E+17 1.201403E+31
2.187773E+07 2.382660E+24 5.249986E+17 1.317325E+31
2.398854E+07 2.695215E+24 5.386333E+17 1.444407E+31
2.630308E+07 3.049511E+24 5.527289E+17 1.583753E+31
2.884094E+07 3.451043E+24 5.672980E+17 1.736541E+31
3.162415E+07 3.906027E+24 5.823537E+17 1.904097E+31
3.467534E+07 4.421680E+24 5.979153E+17 2.087783E+31
3.802143E+07 5.005994E+24 6.139972E+17 2.289219E+31
4.168996E+07 5.667739E+24 6.306073E+17 2.510061E+31
4.571273E+07 6.418183E+24 6.477861E+17 2.752225E+31
5.012340E+07 7.267428E+24 6.655158E+17 3.017734E+31
5.495991E+07 8.229906E+24 6.838412E+17 3.308871E+31
6.026325E+07 9.320048E+24 7.027706E+17 3.628103E+31
6.607745E+07 1.055506E+25 7.223284E+17 3.978078E+31
7.245269E+07 1.195326E+25 7.425220E+17 4.361816E+31
7.944595E+07 1.353630E+25 7.633728E+17 4.782744E+31
8.711216E+07 1.532915E+25 7.849087E+17 5.244166E+31
9.551868E+07 1.735901E+25 8.071455E+17 5.750135E+31
1.047390E+08 1.965752E+25 8.301089E+17 6.305069E+31
1.148402E+08 2.225910E+25 8.538128E+17 6.913009E+31
1.259266E+08 2.442440E+25 8.718082E+17 7.580223E+31
1.380776E+08 2.765486E+25 8.962890E+17 8.311488E+31
1.514033E+08 3.131216E+25 9.215651E+17 9.113428E+31
1.660138E+08 3.545071E+25 9.476496E+17 9.992666E+31
1.820315E+08 4.013488E+25 9.745749E+17 1.095655E+32
1.995972E+08 4.543572E+25 1.002363E+18 1.201357E+32
2.188576E+08 5.143372E+25 1.031039E+18 1.317252E+32
2.399842E+08 5.822046E+25 1.060629E+18 1.444372E+32
2.631420E+08 6.590252E+25 1.091175E+18 1.583710E+32
2.885330E+08 7.458924E+25 1.122675E+18 1.736480E+32
3.163836E+08 8.441939E+25 1.155185E+18 1.904042E+32
3.469140E+08 9.554284E+25 1.188733E+18 2.087720E+32
3.803935E+08 1.081261E+26 1.223343E+18 2.289134E+32
4.171034E+08 1.223579E+26 1.259042E+18 2.509972E+32
4.573620E+08 1.384602E+26 1.295878E+18 2.752150E+32
5.014996E+08 1.566718E+26 1.333872E+18 3.017650E+32
5.499017E+08 1.772702E+26 1.373062E+18 3.308790E+32
6.029783E+08 2.005717E+26 1.413493E+18 3.628033E+32
6.611450E+08 2.269260E+26 1.455196E+18 3.977876E+32
7.249592E+08 2.486512E+26 1.486553E+18 4.361671E+32
7.949536E+08 2.813055E+26 1.529529E+18 4.782616E+32
8.716775E+08 3.182338E+26 1.573850E+18 5.244011E+32
9.558044E+08 3.599966E+26 1.619562E+18 5.749900E+32
1.048069E+09 4.072269E+26 1.666707E+18 6.304697E+32
1.149267E+09 4.606349E+26 1.715324E+18 6.913176E+32
1.260193E+09 5.210312E+26 1.765461E+18 7.580111E+32
1.381826E+09 5.893094E+26 1.817152E+18 8.311381E+32
1.515206E+09 6.665741E+26 1.870496E+18 9.113229E+32
1.661435E+09 7.538853E+26 1.925470E+18 9.992267E+32
1.821859E+09 8.526864E+26 1.982200E+18 1.095658E+33
1.997701E+09 9.336144E+26 2.024584E+18 1.201351E+33
2.190552E+09 1.055895E+27 2.082977E+18 1.317261E+33
2.402003E+09 1.194161E+27 2.143191E+18 1.444342E+33
2.633890E+09 1.350522E+27 2.205289E+18 1.583695E+33
2.888109E+09 1.527364E+27 2.269337E+18 1.736458E+33
3.166924E+09 1.727298E+27 2.335373E+18 1.903989E+33
3.472660E+09 1.953375E+27 2.403468E+18 2.087683E+33
3.807949E+09 2.208981E+27 2.473677E+18 2.289117E+33
4.175604E+09 2.498001E+27 2.546074E+18 2.509978E+33
4.578684E+09 2.733847E+27 2.599958E+18 2.752103E+33
5.020739E+09 3.091474E+27 2.674459E+18 3.017621E+33
5.505502E+09 3.495892E+27 2.751288E+18 3.308766E+33
6.037071E+09 3.953208E+27 2.830514E+18 3.627995E+33
6.620097E+09 4.470248E+27 2.912198E+18 3.978095E+33
7.258856E+09 5.054895E+27 2.996429E+18 4.361627E+33
7.960035E+09 5.716029E+27 3.083292E+18 4.782597E+33
8.728509E+09 6.252219E+27 3.147546E+18 5.243931E+33
9.571632E+09 7.069826E+27 3.236878E+18 5.750035E+33
1.049551E+10 7.994004E+27 3.328961E+18 6.304562E+33
1.150935E+10 9.039741E+27 3.423977E+18 6.913013E+33
1.262107E+10 1.022147E+28 3.521889E+18 7.580145E+33
1.383926E+10 1.155806E+28 3.622878E+18 8.311079E+33
1.517615E+10 1.306894E+28 3.726981E+18 9.113148E+33
1.664152E+10 1.429229E+28 3.803861E+18 9.992213E+33
1.824885E+10 1.616119E+28 3.910946E+18 1.095633E+34
2.001160E+10 1.827375E+28 4.021327E+18 1.201355E+34
2.194443E+10 2.066274E+28 4.135153E+18 1.317264E+34
2.406388E+10 2.336367E+28 4.252503E+18 1.444347E+34
2.638769E+10 2.641818E+28 4.373524E+18 1.583665E+34
2.893667E+10 2.887100E+28 4.462161E+18 1.736465E+34
3.173162E+10 3.264487E+28 4.586499E+18 1.903990E+34
3.479701E+10 3.691218E+28 4.714706E+18 2.087699E+34
3.815854E+10 4.173678E+28 4.846882E+18 2.289126E+34
4.184436E+10 4.719193E+28 4.983162E+18 2.509952E+34
4.588689E+10 5.148812E+28 5.081053E+18 2.752119E+34
5.031980E+10 5.821491E+28 5.220793E+18 3.017635E+34
5.518163E+10 6.581926E+28 5.364841E+18 3.308796E+34
6.051276E+10 7.441162E+28 5.513258E+18 3.628010E+34
6.636154E+10 8.102796E+28 5.617494E+18 3.978171E+34
7.277384E+10 9.160190E+28 5.769363E+18 4.362015E+34
7.980416E+10 1.035579E+29 5.925947E+18 4.782781E+34
8.751360E+10 1.170737E+29 6.087357E+18 5.244111E+34
9.596953E+10 1.273423E+29 6.199209E+18 5.750034E+34
1.052454E+11 1.439665E+29 6.364290E+18 6.304929E+34
1.154146E+11 1.627720E+29 6.534568E+18 6.913151E+34
1.265690E+11 1.840419E+29 6.710182E+18 7.580165E+34
1.388002E+11 1.999889E+29 6.830270E+18 8.311456E+34
1.522123E+11 2.261101E+29 7.009597E+18 9.113218E+34
1.669217E+11 2.454041E+29 7.130409E+18 9.992379E+34
1.830567E+11 2.774145E+29 7.313135E+18 1.095659E+35
2.007459E+11 3.135823E+29 7.501388E+18 1.201346E+35
2.201484E+11 3.399922E+29 7.626766E+18 1.317248E+35
2.414294E+11 3.843472E+29 7.818726E+18 1.444350E+35
2.647663E+11 4.170848E+29 7.947949E+18 1.583706E+35
2.903611E+11 4.715919E+29 8.144086E+18 1.736517E+35
3.184278E+11 5.113621E+29 8.274610E+18 1.904056E+35
3.492053E+11 5.782082E+29 8.474606E+18 2.087742E+35
3.829627E+11 6.261100E+29 8.605323E+18 2.289177E+35
4.199814E+11 7.077042E+29 8.808298E+18 2.510031E+35
4.605735E+11 7.649311E+29 8.938144E+18 2.752159E+35
5.050940E+11 8.256549E+29 9.063787E+18 3.017682E+35
5.539161E+11 8.906526E+29 9.186423E+18 3.308820E+35
6.074559E+11 9.592028E+29 9.304367E+18 3.628047E+35
6.661476E+11 9.810723E+29 9.338708E+18 3.977963E+35
7.305176E+11 1.052231E+30 9.440536E+18 4.361704E+35
8.011296E+11 1.067051E+30 9.459893E+18 4.782628E+35
8.785328E+11 1.139598E+30 9.546233E+18 5.244007E+35
9.634627E+11 1.215364E+30 9.628462E+18 5.750204E+35
1.056530E+12 1.294405E+30 9.706691E+18 6.304853E+35
1.158593E+12 1.376776E+30 9.781039E+18 6.913057E+35
1.270507E+12 1.462478E+30 9.851583E+18 7.579913E+35
1.393251E+12 1.551510E+30 9.918416E+18 8.311251E+35
1.527867E+12 1.643983E+30 9.981720E+18 9.113258E+35
1.675455E+12 1.739898E+30 1.004160E+19 9.992490E+35
1.837237E+12 1.839420E+30 1.009826E+19 1.095622E+36
2.014747E+12 2.084036E+30 1.022520E+19 1.201354E+36
2.209327E+12 2.201654E+30 1.028088E+19 1.317241E+36
2.422755E+12 2.324156E+30 1.033378E+19 1.444346E+36
2.656741E+12 2.634658E+30 1.045597E+19 1.583680E+36
2.913369E+12 2.780861E+30 1.050847E+19 1.736482E+36
3.194778E+12 3.152420E+30 1.063006E+19 1.904024E+36
3.503355E+12 3.573212E+30 1.075563E+19 2.087715E+36
3.841732E+12 3.771647E+30 1.080967E+19 2.289125E+36
4.212845E+12 4.272701E+30 1.093401E+19 2.509999E+36
4.619755E+12 4.507326E+30 1.098714E+19 2.752154E+36
5.065948E+12 5.098911E+30 1.110923E+19 3.017661E+36
5.555281E+12 5.374611E+30 1.116115E+19 3.308810E+36
6.091914E+12 6.066274E+30 1.127985E+19 3.628072E+36
6.680621E+12 6.388765E+30 1.133035E+19 3.978282E+36
7.325557E+12 7.185834E+30 1.144411E+19 4.361905E+36
8.032912E+12 7.600465E+30 1.149811E+19 4.782618E+36
8.808797E+12 8.090585E+30 1.155631E+19 5.244062E+36
9.659948E+12 9.027530E+30 1.165773E+19 5.750224E+36
1.059310E+13 9.634213E+30 1.171763E+19 6.305097E+36
1.161619E+13 1.067939E+31 1.181172E+19 6.913404E+36
1.273780E+13 1.180340E+31 1.190399E+19 7.580216E+36
1.396834E+13 1.300455E+31 1.199391E+19 8.311711E+36
1.531758E+13 1.428008E+31 1.208099E+19 9.113694E+36
1.679716E+13 1.562500E+31 1.216472E+19 9.993065E+36
1.841931E+13 1.703319E+31 1.224467E+19 1.095708E+37
2.019811E+13 1.849689E+31 1.232046E+19 1.201410E+37
2.214947E+13 2.001110E+31 1.239196E+19 1.317357E+37
2.428869E+13 2.157249E+31 1.245920E+19 1.444456E+37
2.663473E+13 2.318550E+31 1.252254E+19 1.583833E+37
2.920718E+13 2.486623E+31 1.258274E+19 1.736651E+37
3.202806E+13 2.665797E+31 1.264126E+19 1.904215E+37
3.512125E+13 2.864120E+31 1.270032E+19 2.087943E+37
3.851304E+13 3.094971E+31 1.276302E+19 2.289394E+37
4.223283E+13 3.379274E+31 1.283343E+19 2.510308E+37
4.631180E+13 3.748612E+31 1.291683E+19 2.752535E+37
5.078423E+13 4.180950E+31 1.300586E+19 3.018100E+37
5.568930E+13 4.664353E+31 1.309663E+19 3.309326E+37
6.106860E+13 5.336034E+31 1.321164E+19 3.628672E+37
6.696679E+13 6.325488E+31 1.336614E+19 3.978769E+37
7.343468E+13 7.834146E+31 1.358102E+19 4.362602E+37
8.053292E+13 1.008603E+32 1.387363E+19 4.783723E+37
8.832266E+13 1.340808E+32 1.426740E+19 5.245690E+37
9.686505E+13 1.856683E+32 1.482538E+19 5.752018E+37
1.062398E+14 2.686056E+32 1.564406E+19 6.307240E+37
1.165386E+14 3.948490E+32 1.677992E+19 6.916519E+37
1.278412E+14 5.814831E+32 1.830907E+19 7.584165E+37
1.402701E+14 8.467472E+32 2.028623E+19 8.316898E+37
1.539293E+14 1.218472E+33 2.280531E+19 9.120137E+37
1.689598E+14 1.732349E+33 2.596943E+19 1.000121E+38
1.855024E+14 2.434058E+33 2.989228E+19 1.096709E+38
2.037351E+14 3.303841E+33 3.430125E+19 1.202677E+38
2.238292E+14 4.436611E+33 3.950790E+19 1.318839E+38
2.460058E+14 5.898090E+33 4.559362E+19 1.446235E+38
2.704976E+14 7.767539E+33 5.263905E+19 1.585908E+38
2.975808E+14 1.018095E+34 6.086212E+19 1.739050E+38
3.275683E+14 1.327098E+34 7.036774E+19 1.906949E+38
3.608223E+14 1.719582E+34 8.125244E+19 2.091036E+38
3.977604E+14 2.253774E+34 9.458372E+19 2.292767E+38
4.388552E+14 2.879718E+34 1.086094E+20 2.513824E+38
4.846476E+14 3.657637E+34 1.242455E+20 2.756118E+38
5.357826E+14 4.617950E+34 1.415290E+20 3.021772E+38
5.929670E+14 5.795958E+34 1.604790E+20 3.312925E+38
6.570615E+14 7.230794E+34 1.810715E+20 3.632161E+38
7.290193E+14 8.968693E+34 2.032842E+20 3.982129E+38
8.098792E+14 1.105795E+35 2.270252E+20 4.365467E+38
9.010572E+14 1.355462E+35 2.522070E+20 4.786116E+38
1.003844E+15 1.651865E+35 2.787022E+20 5.246882E+38
1.120086E+15 2.001609E+35 3.063713E+20 5.752496E+38
1.251507E+15 2.411967E+35 3.350683E+20 6.306482E+38
1.400445E+15 2.890708E+35 3.646312E+20 6.914286E+38
1.569240E+15 3.464864E+35 3.958936E+20 7.580194E+38
1.760847E+15 4.108958E+35 4.267964E+20 8.310399E+38
1.978344E+15 4.850299E+35 4.581357E+20 9.111051E+38
2.225427E+15 5.700488E+35 4.897888E+20 9.989281E+38
2.506221E+15 6.672957E+35 5.216645E+20 1.095267E+39
2.825285E+15 7.815274E+35 5.546049E+20 1.200857E+39
3.188038E+15 9.081371E+35 5.867222E+20 1.316637E+39
3.600456E+15 1.051954E+36 6.188285E+20 1.443648E+39
4.069378E+15 1.220193E+36 6.518629E+20 1.582919E+39
4.602258E+15 1.405695E+36 6.839035E+20 1.735557E+39
5.208030E+15 1.615619E+36 7.158175E+20 1.903008E+39
5.896616E+15 1.853019E+36 7.475868E+20 2.086725E+39
6.678677E+15 2.130051E+36 7.802063E+20 2.288038E+39
7.567648E+15 2.434058E+36 8.117099E+20 2.508850E+39
8.577335E+15 2.777198E+36 8.430254E+20 2.751033E+39
9.724381E+15 3.178064E+36 8.752290E+20 3.016609E+39
1.102666E+16 3.616285E+36 9.062273E+20 3.307709E+39
1.250575E+16 4.110346E+36 9.370220E+20 3.627157E+39
1.418384E+16 4.688443E+36 9.687577E+20 3.977194E+39
1.608868E+16 5.318438E+36 9.992275E+20 4.361013E+39
1.825049E+16 6.027974E+36 1.029484E+21 4.782138E+39
2.070316E+16 6.860012E+36 1.060750E+21 5.243849E+39
2.348492E+16 7.764209E+36 1.090700E+21 5.749978E+39
2.659388E+16 8.826042E+36 1.121725E+21 6.296774E+39
3.000153E+16 9.976686E+36 1.151448E+21 6.876197E+39
3.365530E+16 1.127276E+37 1.181173E+21 7.477274E+39
3.725433E+16 1.256716E+37 1.207765E+21 8.051116E+39
4.069167E+16 1.375721E+37 1.229974E+21 8.584524E+39
4.386657E+16 1.478963E+37 1.247734E+21 9.066391E+39
6.380690E+16 2.151564E+37 1.339644E+21 1.190618E+40
9.281146E+16 3.122769E+37 1.430915E+21 1.563663E+40
1.350006E+17 4.532373E+37 1.522041E+21 2.053924E+40
1.963675E+17 6.578265E+37 1.613023E+21 2.698335E+40
2.856298E+17 9.547664E+37 1.703860E+21 3.545502E+40
4.154679E+17 1.385743E+38 1.794553E+21 4.659397E+40
6.043262E+17 2.011262E+38 1.885102E+21 6.124236E+40
